#node	identifier	domain_summary_url	annotation	other_names_and_aliases
ABL1	9606.ENSP00000361423	Tyrosine-protein kinase ABL1; Non-receptor tyrosine-protein kinase that plays a role in many key processes linked to cell growth and survival such as cytoskeleton remodeling in response to extracellular stimuli, cell motility and adhesion, receptor endocytosis, autophagy, DNA damage response and apoptosis. Coordinates actin remodeling through tyrosine phosphorylation of proteins controlling cytoskeleton dynamics like WASF3 (involved in branch formation); ANXA1 (involved in membrane anchoring); DBN1, DBNL, CTTN, RAPH1 and ENAH (involved in signaling); or MAPT and PXN (microtubule-bindin [...] 	https://smart.embl.de/smart/DDvec.cgi?smart=1149:SH3(83|139)+SH2(144|227)+TyrKc(261|512)+FABD(1023|1149)+	1AB2,1ABL,1AWO,1BBZ,1JU5,1OPL,1ZZP,2.7.10.2,25,2ABL,2E2B,2F4J,2FO0,2G1T,2G2F,2G2H,2G2I,2GQG,2HIW,2HYY,2HZ0,2HZ4,2HZI,2O88,2V7A,3CS9,3EG0,3EG1,3EG2,3EG3,3EGU,3K2M,3PYY,3QRI,3QRJ,3QRK,3T04,3UE4,3UYO,4J9B,4J9C,4J9D,4J9E,4J9F,4J9G,4J9H,4J9I,4JJB,4JJC,4JJD,4TWP,4WA9,4XEY,4YC8,4ZOG,5DC0,5DC4,5DC9,5HU9,5MO4,5NP2,5OAZ,6AMV,6AMW,6BL8,6NPE,6NPU,6NPV,A0A024R8E2,A3KFJ3,AAA51561.1,AAB60393.1,AAB60394.1,AAD14034.1,AAI17452.1,AAZ38718.1,ABL,ABL1,ABL1-201,ABL1-202,ABL1-203,ABL1_HUMAN,AL161733,AL359092,Abelson murine leukemia viral oncogene homolog 1,Abelson tyrosine-protein kinase 1,BC117451,BCR-ABL,CAA34438.1,CAB002686,CCDS35165,CCDS35165.1,CCDS35166,CCDS35166.1,CH471090,CHDSKM,CHEMBL1862,DQ145721,EAW87948.1,EAW87949.1,EC 2.7.10.2,ENSG00000097007,ENSP00000266100,ENSP00000298467,ENSP00000323315,ENSP00000361423,ENSP00000376971,ENSP00000400412,ENSP00000406308,ENSP00000407756,ENST00000266100,ENST00000298467,ENST00000318560,ENST00000318560.5,ENST00000372348,ENST00000372348.6,ENST00000393293,ENST00000393293.4,ENST00000426772,ENST00000438426,ENST00000444970,HGNC:76,HPA027251,HPA027280,HPA028409,JTK7,M14752,NM_005157,NM_005157.5,NM_005157.6,NM_007313,NM_007313.2,NP_005148,NP_005148.2,NP_009297,NP_009297.2,NX_P00519,OMIM:189980,OTTHUMG00000020813,P00519,Proto-oncogene c-Abl,Q13869,Q13870,Q16133,Q17R61,Q45F09,R-HSA-109582,R-HSA-1266738,R-HSA-162582,R-HSA-1640170,R-HSA-168249,R-HSA-168256,R-HSA-194315,R-HSA-195258,R-HSA-2029480,R-HSA-2029482,R-HSA-212436,R-HSA-376176,R-HSA-422475,R-HSA-428890,R-HSA-453279,R-HSA-525793,R-HSA-5663213,R-HSA-5685938,R-HSA-5693532,R-HSA-5693538,R-HSA-5693565,R-HSA-5693567,R-HSA-5693606,R-HSA-69231,R-HSA-69236,R-HSA-69278,R-HSA-73857,R-HSA-73894,R-HSA-74160,R-HSA-8878166,R-HSA-8878171,R-HSA-8939236,R-HSA-8940973,R-HSA-8941326,R-HSA-983231,R4GRW0,S69223,Tyrosine-protein kinase ABL1,U07561,U07563,UPI000013D6D4,UPI000013E4DE,UPI0002B83233,X16416,bcr/abl,c-ABL,c-ABL1,c-abl oncogene 1, non-receptor tyrosine kinase,c-abl oncogene 1, receptor tyrosine kinase,hsa:25,p150,uc004bzv.4,v-abl
AKT1	9606.ENSP00000451828	RAC-alpha serine/threonine-protein kinase; AKT1 is one of 3 closely related serine/threonine-protein kinases (AKT1, AKT2 and AKT3) called the AKT kinase, and which regulate many processes including metabolism, proliferation, cell survival, growth and angiogenesis. This is mediated through serine and/or threonine phosphorylation of a range of downstream substrates. Over 100 substrate candidates have been reported so far, but for most of them, no isoform specificity has been reported. AKT is responsible of the regulation of glucose uptake by mediating insulin-induced translocation of the [...] 	https://smart.embl.de/smart/DDvec.cgi?smart=480:PH(6|110)+S_TKc(150|408)+S_TK_X(409|476)+	1H10,1UNP,1UNQ,1UNR,2.7.11.1,207,2UVM,2UZR,2UZS,3CQU,3CQW,3MV5,3MVH,3O96,3OCB,3OW4,3QKK,3QKL,3QKM,4EJN,4EKK,4EKL,4GV1,5KCV,6BUU,6CCY,6HHF,6HHG,6HHH,6HHI,6HHJ,6NPZ,6S9W,6S9X,A0A087WY56,AAA36539.1,AAH00479.1,AAH84538.1,AAL55732.1,AB451242,AB451367,ABY87524.1,AF283819,AF283820,AF283821,AF283822,AF283823,AF283824,AF283825,AF283826,AF283827,AF283828,AF283829,AF283830,AGC09587.1,AK299310,AK314256,AKT,AKT serine/threonine kinase 1,AKT1,AKT1-201,AKT1-202,AKT1-203,AKT1-204,AKT1-205,AKT1-206,AKT1-207,AKT1-208,AKT1-209,AKT1-210,AKT1-211,AKT1-212,AKT1-213,AKT1-214,AKT1-215,AKT1-216,AKT1-217,AKT1-218,AKT1-219,AKT1-220,AKT1_HUMAN,AL583722,AL590327,ALQ33356.1,B0LPE5,B2RAM5,B7Z5R1,BAG36922.1,BAG70056.1,BAG70181.1,BAH12997.1,BC000479,BC084538,CAA43372.1,CAB003765,CCDS9994,CCDS9994.1,CH471061,CHEMBL4282,CWS6,EAW81881.1,EAW81882.1,EAW81883.1,EC 2.7.11.1,ENSG00000142208,ENSP00000270202,ENSP00000311456,ENSP00000339315,ENSP00000384293,ENSP00000385326,ENSP00000443897,ENSP00000450681,ENSP00000450688,ENSP00000451166,ENSP00000451290,ENSP00000451470,ENSP00000451824,ENSP00000451828,ENSP00000481526,ENSP00000497822,ENST00000270202,ENST00000310523,ENST00000349310,ENST00000349310.7,ENST00000353936,ENST00000402615,ENST00000402615.6,ENST00000407796,ENST00000407796.6,ENST00000544168,ENST00000544168.5,ENST00000553506,ENST00000553506.5,ENST00000553797,ENST00000553797.1,ENST00000554192,ENST00000554192.5,ENST00000554581,ENST00000554581.5,ENST00000554585,ENST00000554585.5,ENST00000554826,ENST00000554826.1,ENST00000554848,ENST00000554848.5,ENST00000555380,ENST00000555380.1,ENST00000555458,ENST00000555458.5,ENST00000555528,ENST00000555528.5,ENST00000555926,ENST00000555926.1,ENST00000556836,ENST00000556836.1,ENST00000557494,ENST00000557494.1,ENST00000557552,ENST00000557552.1,ENST00000610370,ENST00000610370.1,ENST00000649815,ENST00000649815.1,EU332835,G3V2I6,G3V3X1,G3V4I6,HGNC:391,HPA002891,JX512440,KU177898,LRG_721,LRG_721t1,LRG_721t2,M63167,NM_001014431,NM_001014431.1,NM_001014431.2,NM_001014432,NM_001014432.1,NM_005163,NM_005163.2,NP_001014431,NP_001014431.1,NP_001014432,NP_001014432.1,NP_005154,NP_005154.2,NX_P31749,OMIM:164730,OTTHUMG00000170795,P31749,PKB,PKB alpha,PKB-ALPHA,PRKBA,Protein kinase B,Protein kinase B alpha,Proto-oncogene c-Akt,Q9BWB6,R-HSA-109581,R-HSA-109582,R-HSA-109606,R-HSA-111447,R-HSA-114452,R-HSA-1227986,R-HSA-1257604,R-HSA-1266738,R-HSA-1280215,R-HSA-1280218,R-HSA-1358803,R-HSA-1430728,R-HSA-1445148,R-HSA-1474151,R-HSA-157118,R-HSA-162582,R-HSA-1640170,R-HSA-1643685,R-HSA-165159,R-HSA-168256,R-HSA-186712,R-HSA-194138,R-HSA-195721,R-HSA-196854,R-HSA-198323,R-HSA-198693,R-HSA-199418,R-HSA-199991,R-HSA-201681,R-HSA-202131,R-HSA-203615,R-HSA-210745,R-HSA-211163,R-HSA-212436,R-HSA-2219528,R-HSA-354192,R-HSA-3700989,R-HSA-372790,R-HSA-3769402,R-HSA-388396,R-HSA-388841,R-HSA-389356,R-HSA-389357,R-HSA-389513,R-HSA-392451,R-HSA-397795,R-HSA-4420097,R-HSA-449147,R-HSA-450385,R-HSA-450531,R-HSA-450604,R-HSA-453279,R-HSA-5218920,R-HSA-5357801,R-HSA-5628897,R-HSA-5633007,R-HSA-5653656,R-HSA-5663202,R-HSA-5674400,R-HSA-6785807,R-HSA-6804757,R-HSA-6804758,R-HSA-6804759,R-HSA-6806003,R-HSA-6807070,R-HSA-6811558,R-HSA-69202,R-HSA-69206,R-HSA-69242,R-HSA-69278,R-HSA-69656,R-HSA-73857,R-HSA-74160,R-HSA-76002,R-HSA-76009,R-HSA-8848021,R-HSA-8849469,R-HSA-8863795,R-HSA-8876198,R-HSA-8878166,R-HSA-8939211,R-HSA-8941332,R-HSA-8948751,R-HSA-8953854,R-HSA-8978934,R-HSA-9006921,R-HSA-9006925,R-HSA-9006927,R-HSA-9006931,R-HSA-9006934,R-HSA-9007101,R-HSA-9009391,R-HSA-9013694,R-HSA-9604323,R-HSA-9614085,R-HSA-9614399,R-HSA-9634638,RAC,RAC serine/threonine-protein kinase,RAC-ALPHA,RAC-PK-alpha,RAC-alpha,RAC-alpha serine/threonine-protein kinase,UPI0000070813,UPI0003F4834E,UPI0004620BEE,UPI0004620C34,UPI0004620CE0,URS00008BEAC8,URS0000D5AE85,URS0000D6DECA,X61037,XM_005267401.1,XP_005267458.1,XR_002957536,XR_002957536.1,hsa:207,protein kinase B,uc001ypk.4,uc001ypm.4,v-akt murine thymoma viral oncogene homolog 1
AKT2	9606.ENSP00000375892	RAC-beta serine/threonine-protein kinase; AKT2 is one of 3 closely related serine/threonine-protein kinases (AKT1, AKT2 and AKT3) called the AKT kinase, and which regulate many processes including metabolism, proliferation, cell survival, growth and angiogenesis. This is mediated through serine and/or threonine phosphorylation of a range of downstream substrates. Over 100 substrate candidates have been reported so far, but for most of them, no isoform specificity has been reported. AKT is responsible of the regulation of glucose uptake by mediating insulin-induced translocation of the  [...] 	https://smart.embl.de/smart/DDvec.cgi?smart=481:PH(6|110)+S_TKc(152|409)+S_TK_X(410|477)+	1GZK,1GZN,1GZO,1MRV,1MRY,1O6K,1O6L,1P6S,2.7.11.1,208,2JDO,2JDR,2UW9,2X39,2XH5,3D0E,3E87,3E88,3E8D,A0A0A0MRF1,A0A1B0GXA2,A8MX96,AAA36585.1,AAA58364.1,AAH32709.1,AAI20995.1,AAI20996.1,AAT97984.1,AC118344,AK314619,AKT serine/threonine kinase 2,AKT2,AKT2-201,AKT2-202,AKT2-203,AKT2-204,AKT2-205,AKT2-206,AKT2-207,AKT2-208,AKT2-209,AKT2-210,AKT2-211,AKT2-212,AKT2-213,AKT2-214,AKT2-215,AKT2-216,AKT2-217,AKT2-218,AKT2-219,AKT2-220,AKT2-221,AKT2-222,AKT2-223,AKT2-224,AKT2-225,AKT2-226,AKT2-227,AKT2-228,AKT2-229,AKT2-230,AKT2-231,AKT2-232,AKT2-233,AKT2-234,AKT2-235,AKT2-236,AKT2-237,AKT2-238,AKT2-239,AKT2-240,AKT2-241,AKT2-242,AKT2-243,AKT2-244,AKT2_HUMAN,AY708392,B2RBD8,BAG37185.1,BC032709,BC120994,BC120995,C9J258,C9JC83,C9JHS6,C9JIF6,C9JIJ1,CAB004204,CCDS12552,CCDS12552.1,CCDS82350,CCDS82350.1,CHEMBL2431,E7EVP8,EC 2.7.11.1,ENSG00000105221,ENSP00000221820,ENSP00000309428,ENSP00000351095,ENSP00000375719,ENSP00000375720,ENSP00000375891,ENSP00000375892,ENSP00000392458,ENSP00000396532,ENSP00000396968,ENSP00000399532,ENSP00000403842,ENSP00000403890,ENSP00000404083,ENSP00000407999,ENSP00000441591,ENSP00000462022,ENSP00000462469,ENSP00000462715,ENSP00000462776,ENSP00000462919,ENSP00000463086,ENSP00000463262,ENSP00000463368,ENSP00000463686,ENSP00000463806,ENSP00000470604,ENSP00000470822,ENSP00000471369,ENSP00000472371,ENSP00000472382,ENSP00000500412,ENST00000221820,ENST00000311278,ENST00000311278.10,ENST00000358335,ENST00000358335.9,ENST00000391844,ENST00000391844.8,ENST00000391845,ENST00000391845.6,ENST00000392037,ENST00000392037.5,ENST00000392038,ENST00000392038.6,ENST00000416362,ENST00000416362.5,ENST00000416994,ENST00000416994.6,ENST00000423127,ENST00000423127.5,ENST00000424901,ENST00000424901.5,ENST00000427375,ENST00000427375.1,ENST00000441941,ENST00000441941.6,ENST00000452077,ENST00000452077.5,ENST00000456441,ENST00000456441.5,ENST00000476247,ENST00000476247.6,ENST00000476266,ENST00000476266.5,ENST00000480878,ENST00000480878.6,ENST00000483166,ENST00000483166.5,ENST00000486368,ENST00000486368.6,ENST00000486647,ENST00000486647.5,ENST00000487537,ENST00000489375,ENST00000489375.5,ENST00000491778,ENST00000491778.6,ENST00000492463,ENST00000492463.6,ENST00000496089,ENST00000496089.6,ENST00000497948,ENST00000497948.5,ENST00000498350,ENST00000498350.1,ENST00000537834,ENST00000537834.5,ENST00000578123,ENST00000578123.5,ENST00000578282,ENST00000578282.5,ENST00000578310,ENST00000578310.1,ENST00000578615,ENST00000578975,ENST00000578975.1,ENST00000579047,ENST00000579047.5,ENST00000579345,ENST00000579345.5,ENST00000580747,ENST00000580747.5,ENST00000580878,ENST00000580878.1,ENST00000581582,ENST00000581582.1,ENST00000583859,ENST00000583859.5,ENST00000584288,ENST00000584288.5,ENST00000596634,ENST00000596634.5,ENST00000601166,ENST00000601166.5,ENST00000672879,ENST00000672890,HGNC:392,HIHGHH,HPA064521,J3KRI8,J3KSY8,J3KT31,J3KTC6,J3KTP4,J3QKW1,J3QL45,J3QLS6,KC877734,LRG_1391,LRG_1391t1,M0QZK3,M0QZW8,M0R0P9,M0R275,M0R283,M77198,M95936,NM_001243027,NM_001243027.3,NM_001243028,NM_001243028.3,NM_001330511,NM_001330511.1,NM_001626,NM_001626.5,NM_001626.6,NP_001229956,NP_001229956.1,NP_001229957,NP_001229957.1,NP_001317440,NP_001317440.1,NP_001617,NP_001617.1,NX_P31751,OMIM:164731,OTTHUMG00000137375,P31751,PKB beta,PKB?,PKBB,PKBBETA,PKBβ,PRKBB,Protein kinase Akt-2,Protein kinase B beta,Q05BV0,Q0VAN0,Q0VAN1,Q68GC0,R-HSA-109581,R-HSA-109606,R-HSA-109703,R-HSA-109704,R-HSA-111447,R-HSA-112399,R-HSA-114452,R-HSA-1227986,R-HSA-1257604,R-HSA-1266738,R-HSA-1280215,R-HSA-1280218,R-HSA-1358803,R-HSA-1445148,R-HSA-162582,R-HSA-1640170,R-HSA-1643685,R-HSA-165158,R-HSA-165159,R-HSA-165160,R-HSA-165181,R-HSA-168256,R-HSA-186712,R-HSA-194138,R-HSA-195721,R-HSA-198323,R-HSA-198693,R-HSA-199418,R-HSA-199991,R-HSA-201681,R-HSA-210745,R-HSA-211163,R-HSA-212436,R-HSA-2219528,R-HSA-2404192,R-HSA-2428924,R-HSA-2428928,R-HSA-3700989,R-HSA-372790,R-HSA-3769402,R-HSA-388396,R-HSA-388841,R-HSA-389356,R-HSA-389357,R-HSA-389513,R-HSA-392451,R-HSA-397795,R-HSA-4420097,R-HSA-453279,R-HSA-5218920,R-HSA-5357801,R-HSA-5628897,R-HSA-5633007,R-HSA-5653656,R-HSA-5663202,R-HSA-5674400,R-HSA-6804757,R-HSA-6804758,R-HSA-6804759,R-HSA-6806003,R-HSA-6807070,R-HSA-69202,R-HSA-69206,R-HSA-69242,R-HSA-69278,R-HSA-69656,R-HSA-73857,R-HSA-74160,R-HSA-74751,R-HSA-74752,R-HSA-8863795,R-HSA-8876198,R-HSA-8878166,R-HSA-8939211,R-HSA-8941332,R-HSA-8948751,R-HSA-9006925,R-HSA-9006931,R-HSA-9006934,R-HSA-9007101,R-HSA-9009391,R-HSA-9607240,R-HSA-9614085,R-HSA-9614399,R-HSA-9634638,RAC serine/threonine-protein kinase,RAC-BETA,RAC-PK-beta,RAC-beta serine/threonine-protein kinase,UPI0000049EDB,UPI0000DBDD77,UPI0000E5A1ED,UPI0000E5A1EF,UPI0000E5A1F1,UPI0000E5A1F3,UPI0000E5A1F4,UPI00024D0DDF,UPI000268B38C,UPI000268B38D,UPI000268B38F,UPI000268B390,UPI000268B391,UPI000268B392,UPI000268B393,UPI000268B395,UPI000268B396,UPI0002A47263,UPI0002A47270,UPI0002A474AB,UPI0002A4764E,UPI0003F47BED,UPI0003F47DF9,URS00008B4198,URS00008BD9E2,URS00008C1521,XM_011526614,XM_011526614.1,XM_011526615,XM_011526615.1,XM_011526616,XM_011526616.1,XM_011526618,XM_011526618.1,XM_011526619,XM_011526619.1,XM_011526620,XM_011526620.1,XM_011526622,XM_011526622.2,XM_017026470,XM_017026470.1,XM_017026470.2,XM_024451416,XM_024451416.1,XM_024451417,XM_024451417.1,XP_011524916,XP_011524916.1,XP_011524917,XP_011524917.1,XP_011524918,XP_011524918.1,XP_011524920,XP_011524920.1,XP_011524921,XP_011524921.1,XP_011524922,XP_011524922.1,XP_011524924,XP_011524924.1,XP_016881959,XP_016881959.1,XP_024307184,XP_024307184.1,XP_024307185,XP_024307185.1,hsa:208,uc002onf.3,v-akt murine thymoma viral oncogene homolog 2
AKT3	9606.ENSP00000500582	RAC-gamma serine/threonine-protein kinase; AKT3 is one of 3 closely related serine/threonine-protein kinases (AKT1, AKT2 and AKT3) called the AKT kinase, and which regulate many processes including metabolism, proliferation, cell survival, growth and angiogenesis. This is mediated through serine and/or threonine phosphorylation of a range of downstream substrates. Over 100 substrate candidates have been reported so far, but for most of them, no isoform specificity has been reported. AKT3 is the least studied AKT isoform. It plays an important role in brain development and is crucial fo [...] 	https://smart.embl.de/smart/DDvec.cgi?smart=479:PH(6|109)+S_TKc(148|405)+S_TK_X(406|475)+	10000,2.7.11.1,2X18,AAD24196.1,AAD29089.1,AAF91073.1,AAI21155.1,AAL40392.1,AC096539,AC225099,AF085234,AF124141,AF135794,AJ245709,AKT serine/threonine kinase 3,AKT3,AKT3-201,AKT3-202,AKT3-203,AKT3-204,AKT3-205,AKT3-206,AKT3-207,AKT3-208,AKT3-209,AKT3-210,AKT3-211,AKT3-212,AKT3-213,AKT3-214,AKT3-215,AKT3-216,AKT3-217,AKT3_HUMAN,AL117525,AL591721,AL592151,AL662889,AY005799,BC121154,CAB013090,CAB53537.1,CAB55977.1,CCDS31076,CCDS31076.1,CCDS31077,CCDS31077.1,CH471148,CHEMBL4816,EAW77093.1,EAW77094.1,EC 2.7.11.1,ENSG00000117020,ENSP00000263826,ENSP00000336943,ENSP00000337091,ENSP00000355497,ENSP00000355498,ENSP00000375719,ENSP00000375720,ENSP00000447820,ENSP00000499842,ENSP00000499914,ENSP00000500134,ENSP00000500582,ENSP00000500597,ENST00000263826,ENST00000263826.9,ENST00000336199,ENST00000336199.9,ENST00000336208,ENST00000366539,ENST00000366539.5,ENST00000366540,ENST00000366540.5,ENST00000391844,ENST00000391845,ENST00000463991,ENST00000463991.5,ENST00000490018,ENST00000490018.1,ENST00000491219,ENST00000492957,ENST00000492957.1,ENST00000550388,ENST00000550388.1,ENST00000552631,ENST00000552631.1,ENST00000672238,ENST00000672442,ENST00000672460,ENST00000672578,ENST00000672679,ENST00000673400,ENST00000673466,F8VS91,HGNC:393,HPA026441,LRG_1396,MPPH,MPPH2,NM_001206729,NM_001206729.1,NM_001370074,NM_001370074.1,NM_005465,NM_005465.4,NM_005465.7,NM_181690,NM_181690.2,NP_001193658,NP_001193658.1,NP_001357003,NP_001357003.1,NP_005456,NP_005456.1,NP_859029,NP_859029.1,NX_Q9Y243,OMIM:611223,OTTHUMG00000039994,PKB gamma,PKB-GAMMA,PKBG,PRKBG,Protein kinase Akt-3,Protein kinase B gamma,Q0VAA6,Q5VTI1,Q5VTI2,Q96QV3,Q9UFP5,Q9Y243,R-HSA-109581,R-HSA-109606,R-HSA-111447,R-HSA-114452,R-HSA-1227986,R-HSA-1257604,R-HSA-1266738,R-HSA-1280218,R-HSA-1358803,R-HSA-162582,R-HSA-1640170,R-HSA-1643685,R-HSA-168256,R-HSA-186712,R-HSA-194138,R-HSA-198323,R-HSA-198693,R-HSA-199418,R-HSA-199991,R-HSA-210745,R-HSA-211163,R-HSA-212436,R-HSA-2219528,R-HSA-3700989,R-HSA-372790,R-HSA-388396,R-HSA-388841,R-HSA-389356,R-HSA-389357,R-HSA-389513,R-HSA-392451,R-HSA-397795,R-HSA-4420097,R-HSA-453279,R-HSA-5218920,R-HSA-5357801,R-HSA-5628897,R-HSA-5633007,R-HSA-5653656,R-HSA-5663202,R-HSA-5674400,R-HSA-6804757,R-HSA-6804758,R-HSA-6804759,R-HSA-6806003,R-HSA-6807070,R-HSA-69202,R-HSA-69206,R-HSA-69242,R-HSA-69278,R-HSA-69656,R-HSA-73857,R-HSA-74160,R-HSA-8863795,R-HSA-8876198,R-HSA-8878166,R-HSA-8939211,R-HSA-8941332,R-HSA-8948751,R-HSA-9006925,R-HSA-9006931,R-HSA-9006934,R-HSA-9007101,R-HSA-9009391,R-HSA-9614085,R-HSA-9614399,R-HSA-9634638,RAC serine/threonine-protein kinase,RAC-PK-gamma,RAC-gamma,RAC-gamma serine/threonine-protein kinase,STK-2,UPI000002A399,UPI00000335E8,UPI00020CDFC5,UPI0002AD5CB1,UPI00034F6B93,URS00008BE1B8,URS00008C4020,URS0000D6DB82,URS0000D6E92A,XM_005272994.4,XM_005272995.2,XM_016999985,XM_016999985.1,XM_024446000,XM_024446000.1,XM_024446892,XM_024446892.1,XP_005273051.1,XP_005273052.1,XP_016855474,XP_016855474.1,XP_024301768,XP_024301768.1,XP_024302660,XP_024302660.1,hsa:10000,protein kinase B, gamma,uc001hzz.2,uc057qvr.1,v-akt murine thymoma viral oncogene homolog 3
ARAF	9606.ENSP00000290277	Serine/threonine-protein kinase A-Raf; Involved in the transduction of mitogenic signals from the cell membrane to the nucleus. May also regulate the TOR signaling cascade; Belongs to the protein kinase superfamily. TKL Ser/Thr protein kinase family. RAF subfamily.	https://smart.embl.de/smart/DDvec.cgi?smart=609:RBD(19|91)+C1(99|144)+Pfam_Pkinase_Tyr(313|570)+	1WXM,2.7.11.1,2MSE,369,A-RAF,A-Raf proto-oncogene, serine/threonine kinase,A0A024R178,AAA65219.1,AAB03517.1,AAB08754.1,AAH02466.1,AAH07514.1,AAV38667.1,AB158254,AL542736,ALQ33372.1,ARAF,ARAF-201,ARAF-202,ARAF-203,ARAF-204,ARAF-205,ARAF-206,ARAF1,ARAF_HUMAN,BAE66645.1,BC002466,BC007514,BT019864,CAA28476.1,CCDS35232,CCDS35232.1,CCDS59164,CCDS59164.1,CCDS75970,CCDS75970.1,CH471164,CHEMBL1169596,EAW59311.1,EAW59312.1,EC 2.7.11.1,ENSG00000078061,ENSP00000290277,ENSP00000366238,ENSP00000366244,ENST00000290277,ENST00000290277.10,ENST00000377039,ENST00000377039.2,ENST00000377045,ENST00000377045.8,ENST00000469505,ENST00000469505.1,ENST00000470206,ENST00000470206.1,ENST00000489496,ENST00000489496.1,HGNC:646,HPA046188,HPA066326,KF459100,KU177914,L24038,M13829,NM_001256196,NM_001256196.1,NM_001256197,NM_001256197.1,NM_001654,NM_001654.4,NM_001654.5,NP_001243125,NP_001243125.1,NP_001243126,NP_001243126.1,NP_001645,NP_001645.1,NX_P10398,OMIM:311010,OTTHUMG00000021446,P07557,P10398,PKS,PKS2,Proto-oncogene A-Raf,Proto-oncogene A-Raf-1,Proto-oncogene Pks,Q5H9B2,Q5H9B3,Q96II5,R-HSA-1280215,R-HSA-162582,R-HSA-1643685,R-HSA-168256,R-HSA-5663202,R-HSA-5673000,R-HSA-5673001,R-HSA-5674135,R-HSA-5675221,R-HSA-5683057,R-HSA-5684996,R-HSA-6802946,R-HSA-6802948,R-HSA-6802949,R-HSA-6802952,R-HSA-6802955,R-HSA-6802957,R-HSA-9607240,R-HSA-9649948,RAFA1,Serine/threonine-protein kinase A-Raf,U01337,UPI0000000C41,UPI000006F3DE,UPI0000211F5C,X04790,XM_011543908.2,XP_011542210.1,Z84466,hsa:369,uc031tjj.2,uc064yvp.1
BAD	9606.ENSP00000378040	Bcl2-associated agonist of cell death; Promotes cell death. Successfully competes for the binding to Bcl-X(L), Bcl-2 and Bcl-W, thereby affecting the level of heterodimerization of these proteins with BAX. Can reverse the death repressor activity of Bcl-X(L), but not that of Bcl-2 (By similarity). Appears to act as a link between growth factor receptor signaling and the apoptotic pathways.	https://smart.embl.de/smart/DDvec.cgi?smart=168:Pfam_Bcl-2_BAD(1|168)+	1G5J,572,A0A024R562,A8MXU7,AAB36516.1,AAB72092.1,AAB88124.1,AAH01901.1,AAH95431.1,AAP35324.1,AB451254,AB451378,AF021792,AF031523,AK291863,AP001453,BAD,BAD-201,BAD-202,BAD-203,BAD-204,BAD-205,BAD-206,BAD-207,BAD_HUMAN,BAF84552.1,BAG70068.1,BAG70192.1,BBC2,BBC6,BC001901,BC095431,BCL2 associated agonist of cell death,BCL2L8,BT006678,Bcl-2-antagonist of cell death,Bcl-2-binding component 6,Bcl-2-like protein 8,Bcl-xL/Bcl-2-associated death promoter,Bcl2 antagonist of cell death,Bcl2-L-8,Bcl2-associated agonist of cell death,CAB004205,CAG46733.1,CAG46757.1,CCDS8065,CCDS8065.1,CH471076,CHEMBL3817,CR541935,CR541959,EAW74235.1,EAW74236.1,ENSG00000002330,ENSP00000265480,ENSP00000309103,ENSP00000378039,ENSP00000378040,ENSP00000438975,ENSP00000439202,ENSP00000440575,ENSP00000440807,ENST00000265480,ENST00000309032,ENST00000309032.7,ENST00000394531,ENST00000394531.3,ENST00000394532,ENST00000394532.7,ENST00000492141,ENST00000492141.1,ENST00000493798,ENST00000493798.1,ENST00000540152,ENST00000544271,ENST00000544271.1,ENST00000544785,ENST00000544785.1,F5GYS3,F5H1R6,F5H3B1,HGNC:936,HPA028185,HPA062105,NM_004322,NM_004322.3,NM_032989,NM_032989.2,NM_032989.3,NP_004313,NP_004313.1,NP_116784,NP_116784.1,NX_Q92934,O14803,OMIM:603167,OTTHUMG00000134302,Q6FH21,Q92934,R-HSA-109581,R-HSA-109606,R-HSA-111447,R-HSA-111453,R-HSA-114452,R-HSA-1257604,R-HSA-162582,R-HSA-1643685,R-HSA-193648,R-HSA-193704,R-HSA-198323,R-HSA-204998,R-HSA-2219528,R-HSA-5357801,R-HSA-5663202,R-HSA-5674400,R-HSA-73887,R-HSA-9006925,U66879,UPI0000035C7F,UPI00001FAA88,UPI0000E59346,UPI000204AE94,UPI000204AE95,URS00008C0D65,URS0000EBD47A,hsa:572,uc001nzc.4,uc001nzd.4
BAK1	9606.ENSP00000363591	Bcl-2 homologous antagonist/killer; Plays a role in the mitochondrial apoptosic process. Upon arrival of cell death signals, promotes mitochondrial outer membrane (MOM) permeabilization by oligomerizing to form pores within the MOM. This releases apoptogenic factors into the cytosol, including cytochrome c, promoting the activation of caspase 9 which in turn processes and activates the effector caspases.	https://smart.embl.de/smart/DDvec.cgi?smart=211:BCL(78|177)+TRANS(183|205)+	1BXL,2IMS,2IMT,2JBY,2JCN,2LP8,2M5B,2XPX,2YV6,3I1H,3QBR,4D2L,4U2U,4U2V,4UF1,578,5AJK,5FMI,5FMK,5VWV,5VWW,5VWX,5VWY,5VWZ,5VX0,5VX1,A0A0A0MRG8,A0A0S2Z391,AAA74466.1,AAA93066.1,AAH04431.1,AAI10338.1,AAO74828.1,ALQ33392.1,AY260471,Apoptosis regulator BAK,BAA13606.1,BAK,BAK-LIKE,BAK1,BAK1-201,BAK1-202,BAK1-203,BAK_HUMAN,BC004431,BC110337,BCL2 antagonist/killer 1,BCL2-antagonist/killer 1,BCL2L7,Bcl-2 homologous antagonist/killer,Bcl-2-like protein 7,Bcl2-L-7,C0H5Y7,CAA58997.1,CAB005029,CAG33700.1,CCDS4781,CCDS4781.1,CDN1,CH471081,CHEMBL5609,CR457419,D88397,EAX03740.1,EAX03742.1,ENSG00000030110,ENSP00000032294,ENSP00000353878,ENSP00000363584,ENSP00000363591,ENSP00000391258,ENST00000032294,ENST00000360661,ENST00000360661.9,ENST00000374460,ENST00000374467,ENST00000374467.3,ENST00000442998,ENST00000442998.6,HGNC:949,KU177934,NM_001188,NM_001188.3,NM_001188.4,NP_001179,NP_001179.1,NX_Q16611,OMIM:600516,OTTHUMG00000014530,Q16611,Q6I9T6,Q92533,R-HSA-109581,R-HSA-109606,R-HSA-111452,R-HSA-111457,R-HSA-111471,R-HSA-5357801,U16811,U23765,UPI0000126777,UPI00005EE235,UPI00015E0603,X84213,XM_011514779,XM_011514779.2,XM_011514779.3,XM_011514780,XM_011514780.1,XP_011513081,XP_011513081.1,XP_011513082,XP_011513082.1,Z93017,hsa:578,uc003oes.4
BAX	9606.ENSP00000293288	Apoptosis regulator BAX; Plays a role in the mitochondrial apoptotic process. Under normal conditions, BAX is largely cytosolic via constant retrotranslocation from mitochondria to the cytosol mediated by BCL2L1/Bcl-xL, which avoids accumulation of toxic BAX levels at the mitochondrial outer membrane (MOM). Under stress conditions, undergoes a conformation change that causes translocation to the mitochondrion membrane, leading to the release of cytochrome c that then triggers apoptosis. Promotes activation of CASP3, and thereby apoptosis.	https://smart.embl.de/smart/DDvec.cgi?smart=218:BCL(63|158)+	1F16,2G5B,2K7W,2LR1,3PK1,3PL7,4BD2,4BD6,4BD7,4BD8,4BDU,4S0O,4S0P,4UF2,4ZIE,4ZIF,4ZIG,4ZIH,4ZII,581,5W5X,5W5Z,5W60,5W61,6EB6,A8K4W1,AAA03619.1,AAA03620.1,AAA03621.1,AAC50142.1,AAD22706.1,AAF71267.1,AAF82094.1,AAH14175.1,AAO22992.1,AC026803,ADZ05507.1,AF007826,AF247393,AF250190,AFU81108.1,AJ417988,AK291076,AY217036,Apoptosis regulator BAX,BAF83765.1,BAX,BAX-201,BAX-202,BAX-203,BAX-204,BAX-205,BAX-206,BAX-207,BAX-208,BAX-209,BAX-210,BAX-211,BAX-212,BAX-213,BAX_HUMAN,BC014175,BCL2 associated X protein,BCL2 associated X, apoptosis regulator,BCL2-associated X protein,BCL2L4,Bcl-2-like protein 4,Bcl2-L-4,CAB004206,CAD10744.1,CCDS12742,CCDS12742.1,CCDS12743,CCDS12743.1,CCDS12744,CCDS12744.1,CCDS12745,CCDS12745.2,CCDS77327,CCDS77327.1,CH471177,CHEMBL5318,EAW52417.1,EAW52418.1,ENSG00000087088,ENSP00000263262,ENSP00000263263,ENSP00000293288,ENSP00000293290,ENSP00000309421,ENSP00000346461,ENSP00000348871,ENSP00000375744,ENSP00000389971,ENSP00000426184,ENSP00000426328,ENSP00000441413,ENSP00000472472,ENST00000263262,ENST00000263263,ENST00000293288,ENST00000293288.12,ENST00000293290,ENST00000308548,ENST00000345358,ENST00000345358.11,ENST00000354470,ENST00000354470.7,ENST00000356483,ENST00000356483.8,ENST00000391871,ENST00000391871.4,ENST00000415969,ENST00000415969.6,ENST00000502487,ENST00000502487.5,ENST00000503726,ENST00000503726.2,ENST00000506183,ENST00000506183.5,ENST00000507757,ENST00000513217,ENST00000513217.1,ENST00000513545,ENST00000513545.5,ENST00000515540,ENST00000515540.5,ENST00000539787,ENST00000539787.2,H0YA56,HGNC:959,HPA027878,HQ889830,I6LPK7,JX524562,K4JQN1,L22473,L22474,L22475,NM_001291428,NM_001291428.1,NM_001291428.2,NM_001291429,NM_001291429.2,NM_001291430,NM_001291430.1,NM_001291431,NM_001291431.1,NM_001291431.2,NM_004324,NM_004324.3,NM_004324.4,NM_138761,NM_138761.3,NM_138761.4,NM_138763,NM_138763.3,NM_138763.4,NM_138764,NM_138764.4,NM_138764.5,NP_001278357,NP_001278357.1,NP_001278358,NP_001278358.1,NP_001278359,NP_001278359.1,NP_001278360,NP_001278360.1,NP_004315,NP_004315.1,NP_620116,NP_620116.1,NP_620118,NP_620118.1,NP_620119,NP_620119.2,NR_027882,NR_027882.2,NX_Q07812,OMIM:600040,OTTHUMG00000160476,P55269,Q07812,Q07814,Q07815,Q8WZ49,Q9NR76,Q9NYG7,Q9UCZ6,Q9UCZ7,Q9UQD6,R-HSA-109581,R-HSA-109606,R-HSA-111457,R-HSA-111471,R-HSA-114294,R-HSA-162582,R-HSA-166520,R-HSA-212436,R-HSA-3700989,R-HSA-5357801,R-HSA-5633008,R-HSA-6791312,R-HSA-6803204,R-HSA-6804114,R-HSA-73857,R-HSA-74160,R-HSA-8878166,R-HSA-9006934,R-HSA-9034015,R-HSA-9603505,U19599,UPI000000D900,UPI0000035C7E,UPI000006F37C,UPI000006F41B,UPI00001267A9,UPI00001267AA,UPI0001D3BA97,UPI00026614B0,UPI00028AB277,XM_017027077,XM_017027077.1,XP_016882566,XP_016882566.1,hsa:581,uc002plf.2,uc002plk.4
BCL2L1	9606.ENSP00000365230	Bcl-2-like protein 1; Potent inhibitor of cell death. Inhibits activation of caspases. Appears to regulate cell death by blocking the voltage- dependent anion channel (VDAC) by binding to it and preventing the release of the caspase activator, CYC1, from the mitochondrial membrane. Also acts as a regulator of G2 checkpoint and progression to cytokinesis during mitosis. Isoform Bcl-X(S) promotes apoptosis.	https://smart.embl.de/smart/DDvec.cgi?smart=233:BH4(1|27)+BCL(90|188)+TRANS(213|230)+	1BXL,1G5J,1LXL,1MAZ,1R2D,1R2E,1R2G,1R2H,1R2I,1YSG,1YSI,1YSN,2B48,2LP8,2LPC,2M03,2M04,2ME8,2ME9,2MEJ,2O1Y,2O2M,2O2N,2P1L,2PON,2YJ1,2YQ6,2YQ7,2YXJ,3CVA,3FDL,3FDM,3INQ,3IO8,3PL7,3QKD,3R85,3SP7,3SPF,3WIZ,3ZK6,3ZLN,3ZLO,3ZLR,4A1U,4A1W,4AQ3,4BPK,4C52,4C5D,4CIN,4EHR,4HNJ,4IEH,4PPI,4QVE,4QVF,4QVX,4TUH,4Z9V,598,5AGW,5AGX,5B1Z,5C3G,5FMJ,5FMK,5VAY,5VX3,6BF2,6DCN,6DCO,6F46,6IJQ,6O0K,6O0L,6O0M,6O0O,6O0P,6RNU,A0A0S2Z3C5,AAB17354.1,AAH19307.1,AAP35872.1,AK290968,AL117381,AL160175,ALQ33396.1,ALQ33397.1,Apoptosis regulator Bcl-X,B2CL1_HUMAN,BAF83657.1,BC019307,BCL-XL/S,BCL2 like 1,BCL2L,BCL2L1,BCL2L1-201,BCL2L1-202,BCL2L1-203,BCL2L1-204,BCL2L1-205,BCL2L1-206,BCL2L1-207,BCL2L1-208,BCL2L1-209,BCLX,BT007208,Bcl-2-like 1 (apoptosis regulator Bcl-X),Bcl-2-like protein 1,Bcl-X,Bcl2-L-1,CAA80661.1,CAA80662.1,CAB072801,CAI56777.1,CCDS13188,CCDS13188.1,CCDS13189,CCDS13189.1,CH471077,CHEMBL4625,CR936637,E1P5L6,EAW76424.1,EAW76425.1,EAW76427.1,EAW76428.1,EAW76429.1,ENSG00000171552,ENSP00000302564,ENSP00000341946,ENSP00000365223,ENSP00000365228,ENSP00000365230,ENSP00000389688,ENSP00000390760,ENSP00000395545,ENSP00000401173,ENSP00000405563,ENSP00000406203,ENSP00000411252,ENST00000307677,ENST00000307677.4,ENST00000338322,ENST00000376055,ENST00000376055.8,ENST00000376060,ENST00000376062,ENST00000376062.6,ENST00000420488,ENST00000420488.5,ENST00000420653,ENST00000422920,ENST00000422920.1,ENST00000434194,ENST00000434194.1,ENST00000439267,ENST00000439267.1,ENST00000450273,ENST00000450273.1,ENST00000456404,ENST00000456404.5,HGNC:992,HPA035734,KU177938,KU177939,NM_001191,NM_001191.3,NM_001191.4,NM_001317919,NM_001317919.1,NM_001317919.2,NM_001317920,NM_001317920.1,NM_001317920.2,NM_001317921,NM_001317921.1,NM_001317921.2,NM_001322239,NM_001322239.1,NM_001322239.2,NM_001322240,NM_001322240.1,NM_001322240.2,NM_001322242,NM_001322242.1,NM_001322242.2,NM_138578,NM_138578.2,NM_138578.3,NP_001182,NP_001182.1,NP_001304848,NP_001304848.1,NP_001304849,NP_001304849.1,NP_001304850,NP_001304850.1,NP_001309168,NP_001309168.1,NP_001309169,NP_001309169.1,NP_001309171,NP_001309171.1,NP_612815,NP_612815.1,NX_Q07817,OMIM:600039,OTTHUMG00000032192,PPP1R52,Q07817,Q5CZ89,Q5QP56,Q5QP59,Q5TE63,Q5TE64,Q5TE65,Q92976,Q9H1R6,R-HSA-109581,R-HSA-109606,R-HSA-111453,R-HSA-1280215,R-HSA-168249,R-HSA-168256,R-HSA-168643,R-HSA-449147,R-HSA-5357801,R-HSA-622312,R-HSA-6785807,R-HSA-844455,U72398,UPI0000000CEC,UPI000002A4C4,UPI000006E298,UPI000046FE10,UPI000046FE11,UPI000046FE12,XM_011528964,XM_011528964.2,XM_017027993,XM_017027993.1,XP_011527266,XP_011527266.1,XP_016883482,XP_016883482.1,XR_001754364,XR_001754364.2,XR_936599,XR_936599.3,Z23115,Z23116,bcl-xL,bcl-xS,hsa:598,protein phosphatase 1, regulatory subunit 52,uc002wwl.4
BCR	9606.ENSP00000303507	Breakpoint cluster region protein; Protein with a unique structure having two opposing regulatory activities toward small GTP-binding proteins. The C-terminus is a GTPase-activating protein (GAP) domain which stimulates GTP hydrolysis by RAC1, RAC2 and CDC42. Accelerates the intrinsic rate of GTP hydrolysis of RAC1 or CDC42, leading to down-regulation of the active GTP-bound form. The central Dbl homology (DH) domain functions as guanine nucleotide exchange factor (GEF) that modulates the GTPases CDC42, RHOA and RAC1. Promotes the conversion of CDC42, RHOA and RAC1 from the GDP-bound t [...] 	https://smart.embl.de/smart/DDvec.cgi?smart=1271:Pfam_Bcr-Abl_Oligo(3|75)+RhoGEF(502|690)+PH(709|868)+C2(912|1017)+RhoGAP(1065|1249)+	1K1F,2.7.11.1,2AIN,5N6R,5N7E,5OC7,613,AAA35594.1,AAB60388.1,AB209991,ALL,BAE06073.1,BCR,BCR activator of RhoGEF and GTPase,BCR, RhoGEF and GTPase activating protein,BCR-201,BCR-202,BCR-203,BCR-204,BCR-205,BCR-206,BCR-207,BCR-208,BCR-209,BCR-210,BCR-211,BCR-212,BCR-213,BCR-214,BCR-215,BCR1,BCR_HUMAN,Breakpoint cluster region protein,CAA26441.1,CAA32806.1,CAA37010.1,CAA37011.1,CAA68676.1,CAB010421,CAB018545,CCDS13806,CCDS13806.1,CCDS13807,CCDS13807.1,CHEMBL5146,CML,D22S11,D22S662,EC 2.7.11.1,ENSG00000186716,ENSP00000290956,ENSP00000292697,ENSP00000303507,ENSP00000311843,ENSP00000317586,ENSP00000335450,ENSP00000339045,ENSP00000352535,ENSP00000381524,ENSP00000381525,ENSP00000388304,ENSP00000389317,ENSP00000396531,ENSP00000400829,ENSP00000445910,ENST00000290956,ENST00000292697,ENST00000305877,ENST00000305877.12,ENST00000312198,ENST00000321051,ENST00000331272,ENST00000334149,ENST00000347173,ENST00000359540,ENST00000359540.7,ENST00000398512,ENST00000398513,ENST00000419722,ENST00000419722.6,ENST00000420248,ENST00000425540,ENST00000427791,ENST00000427791.1,ENST00000436011,ENST00000436990,ENST00000436990.2,ENST00000438250,ENST00000458056,ENST00000458056.2,ENST00000463770,ENST00000463770.5,ENST00000466076,ENST00000466076.1,ENST00000471452,ENST00000471452.1,ENST00000475025,ENST00000475025.5,ENST00000478978,ENST00000478978.5,ENST00000479188,ENST00000479188.5,ENST00000480973,ENST00000480973.1,ENST00000487679,ENST00000487679.1,ENST00000487968,ENST00000487968.5,H0Y554,HGNC:1014,HPA038337,KF457370,KF457372,KF457379,KF457382,M15025,M64437,NM_004327,NM_004327.3,NM_004327.4,NM_021574,NM_021574.2,NM_021574.3,NP_004318,NP_004318.3,NP_067585,NP_067585.2,NX_P11274,OMIM:151410,OTTHUMG00000150655,P11274,P78501,PHL,Q12842,Q4LE80,Q6NZI3,R-HSA-1226099,R-HSA-162582,R-HSA-1643685,R-HSA-1839117,R-HSA-1839124,R-HSA-194315,R-HSA-194840,R-HSA-5655302,R-HSA-5663202,Renal carcinoma antigen NY-REN-26,U07000,UPI000016A088,UPI00001AEE0D,UPI0001611035,URS00008BEADB,URS00008BF878,URS00008C0C88,X02596,X14676,X52828,X52829,Y00661,breakpoint cluster region,hsa:613,uc002zww.4
BRAF	9606.ENSP00000419060	Serine/threonine-protein kinase B-raf; Protein kinase involved in the transduction of mitogenic signals from the cell membrane to the nucleus (Probable). Phosphorylates MAP2K1, and thereby activates the MAP kinase signal transduction pathway. May play a role in the postsynaptic responses of hippocampal neurons ; Belongs to the protein kinase superfamily. TKL Ser/Thr protein kinase family. RAF subfamily.	https://smart.embl.de/smart/DDvec.cgi?smart=767:RBD(155|227)+C1(235|280)+Pfam_Pkinase_Tyr(457|714)+	1UWH,1UWJ,2.7.11.1,2FB8,2L05,3C4C,3D4Q,3IDP,3II5,3NY5,3OG7,3PPJ,3PPK,3PRF,3PRI,3PSB,3PSD,3Q4C,3Q96,3SKC,3TV4,3TV6,4CQE,4DBN,4E26,4E4X,4EHE,4EHG,4FC0,4FK3,4G9C,4G9R,4H58,4JVG,4KSP,4KSQ,4MBJ,4MNE,4MNF,4PP7,4R5Y,4RZV,4RZW,4WO5,4XV1,4XV2,4XV3,4XV9,4YHT,5C9C,5CSW,5CSX,5CT7,5FD2,5HI2,5HID,5HIE,5ITA,5J17,5J18,5J2R,5JRQ,5JSM,5JT2,5VAL,5VAM,5VR3,5VYK,673,6B8U,6CAD,6N0P,6N0Q,6NSQ,6NYB,6PP9,6Q0J,6Q0K,6Q0T,6U2G,6U2H,6UAN,A0A2R8Y467,A0A2R8Y492,A0A2R8Y679,A0A2R8Y8E0,A0A2R8YDP5,A0A2R8YES9,A0A2U3TZI2,A4D1T4,AAA35609.2,AAA96495.1,AAD15551.1,AAD43193.1,AAI01758.1,AAI12080.1,AC006006,AC006344,AC006347,AC079339,ACD11489.1,AM989472,AM989473,AM989474,AM989475,AM989476,AM989477,B-RAF1,B-Raf proto-oncogene, serine/threonine kinase,B-raf,B6HY61,B6HY62,B6HY63,B6HY64,B6HY65,B6HY66,BC101757,BC112079,BRAF,BRAF-201,BRAF-202,BRAF-203,BRAF-204,BRAF-205,BRAF-206,BRAF-207,BRAF-208,BRAF-209,BRAF-210,BRAF-211,BRAF-212,BRAF-213,BRAF-214,BRAF-215,BRAF-216,BRAF-217,BRAF-218,BRAF-219,BRAF-220,BRAF-221,BRAF1,BRAF_HUMAN,CAA46301.1,CAB004552,CAQ43111.1,CAQ43112.1,CAQ43113.1,CAQ43114.1,CAQ43115.1,CAQ43116.1,CCDS5863,CCDS5863.1,CCDS87555,CCDS87555.1,CH236950,CHEMBL5145,EAL24023.1,EC 2.7.11.1,ENSG00000157764,ENSP00000288600,ENSP00000288602,ENSP00000418033,ENSP00000419060,ENSP00000420119,ENSP00000493543,ENSP00000493678,ENSP00000493783,ENSP00000494784,ENSP00000495132,ENSP00000495858,ENSP00000496776,ENST00000288600,ENST00000288602,ENST00000288602.11,ENST00000469930,ENST00000469930.2,ENST00000479537,ENST00000479537.6,ENST00000496384,ENST00000496384.7,ENST00000497784,ENST00000497784.2,ENST00000642228,ENST00000642228.1,ENST00000642272,ENST00000642272.1,ENST00000642808,ENST00000642808.1,ENST00000642875,ENST00000642875.1,ENST00000643356,ENST00000643356.1,ENST00000643790,ENST00000643790.1,ENST00000644120,ENST00000644120.1,ENST00000644650,ENST00000644650.1,ENST00000644905,ENST00000644905.1,ENST00000644969,ENST00000644969.1,ENST00000645443,ENST00000645443.1,ENST00000646334,ENST00000646334.1,ENST00000646427,ENST00000646427.1,ENST00000646730,ENST00000646730.1,ENST00000646891,ENST00000646891.1,ENST00000647434,ENST00000647434.1,EU600171,H7C4S5,H7C560,H7C5K3,HGNC:1097,HPA001328,HPA071048,LRG_299,M21001,M95712,NM_001354609,NM_001354609.2,NM_004333,NM_004333.4,NM_004333.6,NP_001341538,NP_001341538.1,NP_004324,NP_004324.2,NR_148928,NR_148928.2,NS7,NX_P15056,OMIM:164757,OTTHUMG00000157457,P15056,Proto-oncogene B-Raf,Q13878,Q3MIN6,Q9UDP8,Q9Y6T3,R-HSA-1280215,R-HSA-1295596,R-HSA-162582,R-HSA-1643685,R-HSA-166520,R-HSA-168256,R-HSA-169893,R-HSA-170968,R-HSA-170984,R-HSA-187037,R-HSA-187687,R-HSA-187706,R-HSA-190236,R-HSA-5654726,R-HSA-5654727,R-HSA-5654732,R-HSA-5654733,R-HSA-5654736,R-HSA-5654738,R-HSA-5654741,R-HSA-5654743,R-HSA-5663202,R-HSA-5673000,R-HSA-5673001,R-HSA-5674135,R-HSA-5674499,R-HSA-5675221,R-HSA-5683057,R-HSA-5684996,R-HSA-6802946,R-HSA-6802948,R-HSA-6802949,R-HSA-6802952,R-HSA-6802955,R-HSA-6802957,R-HSA-9006934,R-HSA-9607240,R-HSA-9649948,RAFB1,Serine/threonine-protein kinase B-raf,UPI000013DF26,UPI0000579E83,UPI0000E217DC,UPI0007DC793A,UPI000D18C53F,UPI000D18DACE,UPI000D18E258,UPI000D18EF0F,UPI000D191FFA,UPI000D1961A6,UPI000D1973B5,X65187,XM_017012558,XM_017012558.1,XM_017012559,XM_017012559.1,XP_016868047,XP_016868047.1,XP_016868048,XP_016868048.1,XR_001744857,XR_001744857.1,XR_001744858,XR_001744858.1,hsa:673,p94,uc003vwc.5,v-Raf murine sarcoma viral oncogene homolog B1,v-raf murine sarcoma viral oncogene homolog B
CBL	9606.ENSP00000264033	E3 ubiquitin-protein ligase CBL; Adapter protein that functions as a negative regulator of many signaling pathways that are triggered by activation of cell surface receptors. Acts as an E3 ubiquitin-protein ligase, which accepts ubiquitin from specific E2 ubiquitin-conjugating enzymes, and then transfers it to substrates promoting their degradation by the proteasome. Recognizes activated receptor tyrosine kinases, including KIT, FLT1, FGFR1, FGFR2, PDGFRA, PDGFRB, EGFR, CSF1R, EPHA8 and KDR and terminates signaling. Recognizes membrane-bound HCK, SRC and other kinases of the SRC family [...] 	https://smart.embl.de/smart/DDvec.cgi?smart=906:Pfam_Cbl_N(51|175)+Pfam_Cbl_N2(179|262)+Pfam_Cbl_N3(264|349)+RING(381|419)+UBA(857|894)+	1B47,1FBV,1YVH,2.3.2.27,2CBL,2JUJ,2K4D,2OO9,2Y1M,2Y1N,3BUM,3BUN,3BUO,3BUW,3BUX,3OB1,3OB2,3PLF,4A49,4A4B,4A4C,4GPL,5HKW,5HKX,5HKY,5HKZ,5HL0,5J3X,5O76,867,A0A0U1RQX8,A0A0U1RR39,A0A0U1RRJ5,A0A1B0GW38,A3KMP8,AAI32734.1,AAI36464.1,AP002956,BC132733,BC136463,C-CBL,CAA40393.1,CAB004350,CBL,CBL-201,CBL-202,CBL-203,CBL-204,CBL-205,CBL2,CBL_HUMAN,CCDS8418,CCDS8418.1,Casitas B-lineage lymphoma proto-oncogene,Cbl proto-oncogene,Cbl proto-oncogene, E3 ubiquitin protein ligase,E3 ubiquitin-protein ligase CBL,EC 2.3.2.27,ENSG00000110395,ENSP00000264033,ENSP00000489218,ENSP00000489324,ENSP00000489556,ENSP00000490763,ENST00000264033,ENST00000264033.5,ENST00000634301,ENST00000634301.1,ENST00000634586,ENST00000634586.1,ENST00000634840,ENST00000634840.1,ENST00000637974,ENST00000637974.1,FRA11B,HGNC:1541,HPA027956,LRG_608,LRG_608t1,NM_005188,NM_005188.3,NM_005188.4,NP_005179,NP_005179.2,NSLL,NX_P22681,OMIM:165360,OTTHUMG00000166170,P22681,Proto-oncogene c-Cbl,R-HSA-1059683,R-HSA-1236382,R-HSA-1280215,R-HSA-1295596,R-HSA-1433557,R-HSA-1433559,R-HSA-162582,R-HSA-1643685,R-HSA-1643713,R-HSA-168256,R-HSA-170834,R-HSA-177929,R-HSA-182971,R-HSA-190236,R-HSA-199991,R-HSA-2173789,R-HSA-449147,R-HSA-512988,R-HSA-5637810,R-HSA-5637812,R-HSA-5637815,R-HSA-5653656,R-HSA-5654726,R-HSA-5654727,R-HSA-5654732,R-HSA-5654733,R-HSA-5654736,R-HSA-5654738,R-HSA-5654741,R-HSA-5654743,R-HSA-5663202,R-HSA-5663205,R-HSA-6783589,R-HSA-6806834,R-HSA-6807004,R-HSA-8848021,R-HSA-8849469,R-HSA-8856825,R-HSA-8856828,R-HSA-8875360,R-HSA-8876384,R-HSA-9006927,R-HSA-9006934,R-HSA-9006936,R-HSA-912631,RING finger protein 55,RING-type E3 ubiquitin transferase CBL,RNF55,Signal transduction protein CBL,UPI000013D4A7,UPI000719A163,UPI000719A16D,UPI000719A1B1,UPI0007E52B46,X57110,c-Cbl,hsa:867,oncogene CBL2,uc001pwe.5,uc001pwe.6
CCND1	9606.ENSP00000227507	G1/S-specific cyclin-D1; Regulatory component of the cyclin D1-CDK4 (DC) complex that phosphorylates and inhibits members of the retinoblastoma (RB) protein family including RB1 and regulates the cell-cycle during G(1)/S transition. Phosphorylation of RB1 allows dissociation of the transcription factor E2F from the RB/E2F complex and the subsequent transcription of E2F target genes which are responsible for the progression through the G(1) phase. Hypophosphorylates RB1 in early G(1) phase. Cyclin D-CDK4 complexes are major integrators of various mitogenenic and antimitogenic signals. A [...] 	https://smart.embl.de/smart/DDvec.cgi?smart=295:CYCLIN(62|146)+Cyclin_C(155|287)+	2W96,2W99,2W9F,2W9Z,595,5VZU,AAA36481.1,AAA52136.1,AAA58392.1,AAH00076.1,AAH01501.1,AAH14078.1,AAH23620.1,AAH25302.1,AAM34300.2,AAV38647.1,AAV38648.1,AF511593,AK313136,AP001888,B-cell CLL/lymphoma 1,B-cell lymphoma 1 protein,BAG35955.1,BC000076,BC001501,BC014078,BC023620,BC025302,BCL-1,BCL-1 oncogene,BCL1,BT019844,BT019845,CAA42470.1,CAA80558.1,CAB000024,CAG38775.1,CAG46896.1,CCDS8191,CCDS8191.1,CCND1,CCND1-201,CCND1-202,CCND1-203,CCND1-204,CCND1-205,CCND1-206,CCND1_HUMAN,CH471076,CHEMBL3610,CR536538,CR542099,Cyclin D1,D11S287E,EAW74748.1,ENSG00000110092,ENSP00000227507,ENSP00000437558,ENSP00000438482,ENSP00000441863,ENSP00000445014,ENST00000227507,ENST00000227507.2,ENST00000535993,ENST00000535993.1,ENST00000536559,ENST00000536559.1,ENST00000539241,ENST00000539241.1,ENST00000542367,ENST00000542367.1,ENST00000542897,ENST00000545484,ENST00000545484.1,F5H437,G1/S-specific cyclin D1,G1/S-specific cyclin-D1,HGNC:1582,HPA027802,L09054,LRG_990,LRG_990t1,M64349,M73554,M74092,NM_053056,NM_053056.2,NM_053056.3,NP_444284,NP_444284.1,NX_P24385,OMIM:168461,OTTHUMG00000167877,P24385,PRAD1,PRAD1 oncogene,Q6FI00,Q6LEF0,R-HSA-1280215,R-HSA-157118,R-HSA-162582,R-HSA-1640170,R-HSA-168256,R-HSA-187577,R-HSA-1912408,R-HSA-1912422,R-HSA-212436,R-HSA-3214858,R-HSA-3247509,R-HSA-449147,R-HSA-453279,R-HSA-4839726,R-HSA-6785807,R-HSA-69202,R-HSA-69206,R-HSA-69231,R-HSA-69236,R-HSA-69242,R-HSA-69278,R-HSA-69656,R-HSA-73857,R-HSA-74160,R-HSA-75815,R-HSA-8848021,R-HSA-8849470,R-HSA-8878159,R-HSA-8878166,R-HSA-8878171,R-HSA-8934593,R-HSA-8939211,R-HSA-8951430,R-HSA-8951936,R-HSA-9006927,R-HSA-9006931,R-HSA-9009391,R-HSA-9018519,R-HSA-9634638,U21B31,UPI0000001285,UPI000048806A,X59798,Z23022,cyclin D1,cyclin D1 (PRAD1: parathyroid adenomatosis 1),hsa:595,parathyroid adenomatosis 1,uc001opa.4
CDK4	9606.ENSP00000257904	Cyclin-dependent kinase 4; Ser/Thr-kinase component of cyclin D-CDK4 (DC) complexes that phosphorylate and inhibit members of the retinoblastoma (RB) protein family including RB1 and regulate the cell-cycle during G(1)/S transition. Phosphorylation of RB1 allows dissociation of the transcription factor E2F from the RB/E2F complexes and the subsequent transcription of E2F target genes which are responsible for the progression through the G(1) phase. Hypophosphorylates RB1 in early G(1) phase. Cyclin D-CDK4 complexes are major integrators of various mitogenenic and antimitogenic signals. [...] 	https://smart.embl.de/smart/DDvec.cgi?smart=303:S_TKc(6|295)+	1019,1LD2,2.7.11.22,2W96,2W99,2W9F,2W9Z,3G33,5FWK,5FWL,5FWM,5FWP,A0A024RBB6,AAA35673.1,AAC39521.2,AAC50506.1,AAD13991.1,AAH03644.1,AAH05864.1,AAH10153.1,AAH15669.1,AAM23014.1,AC025165,AF507942,AK297901,AK313701,B2R9A0,B4DNF9,BAG36447.1,BAG60221.1,BC003644,BC005864,BC010153,BC015669,CAA88834.1,CAB013116,CAB069405,CAG28596.1,CAG47043.1,CCDS8953,CCDS8953.1,CDK4,CDK4-201,CDK4-202,CDK4-203,CDK4-204,CDK4-205,CDK4-206,CDK4-207,CDK4-208,CDK4-209,CDK4-210,CDK4-211,CDK4-212,CDK4-213,CDK4-214,CDK4-215,CDK4_HUMAN,CH471054,CHEMBL331,CMM3,CR407668,CR542247,Cell division protein kinase 4,Cyclin dependent kinase 4,Cyclin-dependent kinase 4,EAW97058.1,EAW97060.1,EAW97061.1,EC 2.7.11.22,ENSG00000135446,ENSP00000257904,ENSP00000300199,ENSP00000316889,ENSP00000343955,ENSP00000439076,ENSP00000446763,ENSP00000447005,ENSP00000447274,ENSP00000447779,ENSP00000448098,ENSP00000448885,ENSP00000448963,ENSP00000449179,ENSP00000449391,ENSP00000449725,ENST00000257904,ENST00000257904.10,ENST00000300199,ENST00000312990,ENST00000312990.10,ENST00000342815,ENST00000540325,ENST00000546489,ENST00000546489.5,ENST00000547281,ENST00000547281.5,ENST00000547853,ENST00000547853.1,ENST00000549606,ENST00000549606.5,ENST00000550419,ENST00000550419.5,ENST00000551706,ENST00000551706.1,ENST00000551800,ENST00000551800.5,ENST00000551888,ENST00000551888.5,ENST00000552254,ENST00000552254.5,ENST00000552388,ENST00000552388.1,ENST00000552713,ENST00000552713.5,ENST00000552862,ENST00000552862.1,ENST00000553237,ENST00000553237.5,F8VTV8,F8VWX7,F8VXD2,F8VYH9,F8VYY1,F8VZ13,F8VZ51,F8VZZ0,F8W1L8,HGNC:1773,HPA006024,LRG_490,M14505,NM_000075,NM_000075.3,NM_000075.4,NP_000066,NP_000066.1,NX_P11802,O00576,OMIM:123829,OTTHUMG00000170382,P11802,PSK-J3,Q6FG61,Q96BE9,R-HSA-1266738,R-HSA-1474165,R-HSA-1500620,R-HSA-162582,R-HSA-1640170,R-HSA-1643685,R-HSA-187577,R-HSA-212436,R-HSA-2262752,R-HSA-2559580,R-HSA-2559582,R-HSA-2559583,R-HSA-2559585,R-HSA-3214858,R-HSA-3247509,R-HSA-381340,R-HSA-453279,R-HSA-4839726,R-HSA-69202,R-HSA-69206,R-HSA-69231,R-HSA-69236,R-HSA-69242,R-HSA-69278,R-HSA-69656,R-HSA-73857,R-HSA-74160,R-HSA-75815,R-HSA-8848021,R-HSA-8849470,R-HSA-8878166,R-HSA-8953897,R-HSA-9006927,R-HSA-912446,R-HSA-9616222,R-HSA-9630747,R-HSA-9630750,R-HSA-9630791,R-HSA-9630794,R-HSA-9632693,R-HSA-9632697,R-HSA-9632700,S67448,U37022,U81031,UPI000005E811,UPI0000071B60,UPI0000113582,UPI00001FC644,UPI00020CE3C9,UPI00020CE3CA,UPI00020CE3CB,UPI00020CE3CC,UPI00020CE3CD,UPI00020CE3CE,UPI00020CE3CF,UPI00020CE3D0,URS00008C1B2B,URS00008C202C,URS0000EA4F39,URS0000EA9E38,Z48970,cyclin dependent kinase 4,hsa:1019,uc001spv.4
CDK6	9606.ENSP00000265734	Cyclin-dependent kinase 6; Serine/threonine-protein kinase involved in the control of the cell cycle and differentiation; promotes G1/S transition. Phosphorylates pRB/RB1 and NPM1. Interacts with D-type G1 cyclins during interphase at G1 to form a pRB/RB1 kinase and controls the entrance into the cell cycle. Involved in initiation and maintenance of cell cycle exit during cell differentiation; prevents cell proliferation and regulates negatively cell differentiation, but is required for the proliferation of specific cell types (e.g. erythroid and hematopoietic cells). Essential for cel [...] 	https://smart.embl.de/smart/DDvec.cgi?smart=326:S_TKc(13|300)+	1021,1BI7,1BI8,1BLX,1G3N,1JOW,1XO2,2.7.11.22,2EUF,2F2C,3NUP,3NUX,4AUA,4EZ5,4TTH,5L2I,5L2S,5L2T,A4D1G0,AAH52264.1,AAM76970.1,AC000065,AC004011,AC004128,AK313491,AY128534,BAG36273.1,BC052264,CAA47008.1,CAB004363,CCDS5628,CCDS5628.1,CDK6,CDK6-201,CDK6-202,CDK6-203,CDK6-204,CDK6-205,CDK6_HUMAN,CDKN6,CH236949,CH471091,CHEMBL2508,Cell division protein kinase 6,Cyclin dependent kinase 6,Cyclin-dependent kinase 6,EAL24146.1,EAW76827.1,EC 2.7.11.22,ENSG00000105810,ENSP00000265734,ENSP00000397087,ENST00000265734,ENST00000265734.8,ENST00000424848,ENST00000424848.2,ENST00000467166,ENST00000467166.1,ENST00000473078,ENST00000473078.1,ENST00000491250,ENST00000491250.1,HGNC:1777,HPA002637,LRG_991,LRG_991t1,MCPH12,NM_001145306,NM_001145306.1,NM_001259,NM_001259.6,NM_001259.8,NP_001138778,NP_001138778.1,NP_001250,NP_001250.1,NX_Q00534,OMIM:603368,OTTHUMG00000131697,PLSTIRE,Q00534,R-HSA-1640170,R-HSA-1643685,R-HSA-212436,R-HSA-2262752,R-HSA-2559580,R-HSA-2559582,R-HSA-2559583,R-HSA-2559585,R-HSA-453279,R-HSA-69231,R-HSA-69236,R-HSA-69278,R-HSA-73857,R-HSA-74160,R-HSA-8878171,R-HSA-8934593,R-HSA-8953897,R-HSA-9630747,R-HSA-9630750,R-HSA-9630794,R-HSA-9632693,R-HSA-9632700,Serine/threonine-protein kinase PLSTIRE,UPI00001108FA,URS00008BCCB4,URS0000D6E0AB,X66365,XM_006715835,XM_006715835.2,XP_006715898,XP_006715898.1,cyclin dependent kinase 6,hsa:1021,uc010lez.4,uc011khw.2
CDKN1A	9606.ENSP00000384849	Cyclin-dependent kinase inhibitor 1; May be involved in p53/TP53 mediated inhibition of cellular proliferation in response to DNA damage. Binds to and inhibits cyclin- dependent kinase activity, preventing phosphorylation of critical cyclin-dependent kinase substrates and blocking cell cycle progression. Functions in the nuclear localization and assembly of cyclin D-CDK4 complex and promotes its kinase activity towards RB1. At higher stoichiometric ratios, inhibits the kinase activity of the cyclin D- CDK4 complex. Inhibits DNA synthesis by DNA polymerase delta by competing with POLD3  [...] 	https://smart.embl.de/smart/DDvec.cgi?smart=164:Pfam_CDI(20|68)+	1026,1AXC,2ZVV,2ZVW,4RJF,5E0U,6CBI,6CEJ,6CIV,6CIX,A0A024RCX5,AAA16109.1,AAA19811.1,AAA85641.1,AAB29246.1,AAB59559.1,AAB59560.1,AAC04313.1,AAH00275.1,AAH00312.1,AAH01935.1,AAH13967.1,AAM11787.1,AAP35365.1,AB451290,AB451422,AF497972,BAG70104.1,BAG70236.1,BC000275,BC000312,BC001935,BC013967,BT006719,CAB000064,CAB069401,CAG38770.1,CAP20,CCDS4824,CCDS4824.1,CDK-interacting protein 1,CDKN1,CDKN1A,CDKN1A-201,CDKN1A-202,CDKN1A-203,CDKN1A-204,CDKN1A-205,CDKN1A-206,CDKN1A-207,CDKN1A-208,CDN1A_HUMAN,CH471081,CHEMBL5021,CIP1,CR536533,Cyclin dependent kinase inhibitor 1A,Cyclin-dependent kinase inhibitor 1,Cyclin-dependent kinase inhibitor 1A,EAX03904.1,EAX03905.1,EAX03907.1,ENSG00000124762,ENSP00000244741,ENSP00000362815,ENSP00000362816,ENSP00000384849,ENSP00000409259,ENSP00000482768,ENST00000244741,ENST00000244741.9,ENST00000373711,ENST00000373711.3,ENST00000373712,ENST00000405375,ENST00000405375.5,ENST00000448526,ENST00000448526.6,ENST00000459970,ENST00000459970.1,ENST00000462537,ENST00000462537.3,ENST00000478800,ENST00000478800.1,ENST00000615513,ENST00000615513.4,HGNC:1784,HPA005946,L25610,L26165,L47232,L47233,MDA-6,MDA6,Melanoma differentiation-associated protein 6,NM_000389,NM_000389.4,NM_000389.5,NM_001220777,NM_001220777.1,NM_001220778,NM_001220778.1,NM_001291549,NM_001291549.1,NM_001291549.2,NM_078467,NM_078467.2,NP_000380,NP_000380.1,NP_001207706,NP_001207706.1,NP_001207707,NP_001207707.1,NP_001278478,NP_001278478.1,NP_510867,NP_510867.1,NX_P38936,OMIM:116899,OTTHUMG00000014603,P21,P38936,PIC1,Q14010,Q6FI05,Q9BUT4,R-HSA-1257604,R-HSA-1266738,R-HSA-1280215,R-HSA-162582,R-HSA-1640170,R-HSA-1643685,R-HSA-168256,R-HSA-187577,R-HSA-198323,R-HSA-212436,R-HSA-2219528,R-HSA-2262752,R-HSA-2559582,R-HSA-2559583,R-HSA-2559584,R-HSA-2559586,R-HSA-3700989,R-HSA-449147,R-HSA-453274,R-HSA-453279,R-HSA-5663202,R-HSA-5674400,R-HSA-6785807,R-HSA-6791312,R-HSA-6804116,R-HSA-69202,R-HSA-69206,R-HSA-69231,R-HSA-69236,R-HSA-69242,R-HSA-69275,R-HSA-69278,R-HSA-69560,R-HSA-69563,R-HSA-69580,R-HSA-69615,R-HSA-69620,R-HSA-69656,R-HSA-69895,R-HSA-73857,R-HSA-74160,R-HSA-8852276,R-HSA-8864260,R-HSA-8866911,R-HSA-8878159,R-HSA-8878166,R-HSA-8941855,R-HSA-8953897,R-HSA-9006925,R-HSA-9614085,R-HSA-9616222,R-HSA-9617828,S67388,SDI1,U03106,U09579,UPI0000048F7B,WAF1,Z85996,cyclin dependent kinase inhibitor 1A,cyclin-dependent kinase inhibitor 1A (p21, Cip1),hsa:1026,p21,p21CIP1,p21Cip1/Waf1,uc003omm.5,uc021yzc.2
CDKN1B	9606.ENSP00000228872	Cyclin-dependent kinase inhibitor 1B; Important regulator of cell cycle progression. Inhibits the kinase activity of CDK2 bound to cyclin A, but has little inhibitory activity on CDK2 bound to SPDYA. Involved in G1 arrest. Potent inhibitor of cyclin E- and cyclin A-CDK2 complexes. Forms a complex with cyclin type D-CDK4 complexes and is involved in the assembly, stability, and modulation of CCND1-CDK4 complex activation. Acts either as an inhibitor or an activator of cyclin type D-CDK4 complexes depending on its phosphorylation state and/or stoichometry. Belongs to the CDI family.	https://smart.embl.de/smart/DDvec.cgi?smart=198:Pfam_CDI(31|79)+	1027,1H27,1JSU,2AST,5UQ3,6ATH,AAA20240.1,AAD14244.1,AAH01971.1,AAL78041.1,AAV38360.1,AAV38361.1,AB451291,AB451423,AC008115,AF480891,AK312461,BAG35368.1,BAG70105.1,BAG70237.1,BC001971,BT019553,BT019554,CAB003691,CAB021888,CAG33680.1,CCDS8653,CCDS8653.1,CDKN1B,CDKN1B-201,CDKN1B-202,CDKN1B-203,CDKN1B-204,CDKN4,CDN1B_HUMAN,CH471094,CR457399,Cyclin dependent kinase inhibitor 1B,Cyclin-dependent kinase inhibitor 1B,Cyclin-dependent kinase inhibitor p27,E7ES52,EAW96275.1,ENSG00000111276,ENSP00000228872,ENSP00000379629,ENSP00000407597,ENSP00000442344,ENST00000228872,ENST00000228872.8,ENST00000396340,ENST00000396340.1,ENST00000442489,ENST00000442489.1,ENST00000477087,ENST00000477087.1,ENST00000535674,H7C2T1,HGNC:1785,HPA059086,KIP1,MEN1B,MEN4,NM_004064,NM_004064.4,NP_004055,NP_004055.1,NX_P46527,OMIM:600778,OTTHUMG00000149914,P27KIP1,P46527,Q16307,Q5U0H2,Q6I9V6,Q9BUS6,R-HSA-1257604,R-HSA-162582,R-HSA-1640170,R-HSA-1643685,R-HSA-187577,R-HSA-194315,R-HSA-195258,R-HSA-198323,R-HSA-212436,R-HSA-2219528,R-HSA-2262752,R-HSA-2559582,R-HSA-2559583,R-HSA-2559586,R-HSA-3700989,R-HSA-453279,R-HSA-5625900,R-HSA-5663202,R-HSA-5674400,R-HSA-6791312,R-HSA-6804116,R-HSA-69202,R-HSA-69206,R-HSA-69231,R-HSA-69236,R-HSA-69242,R-HSA-69278,R-HSA-69563,R-HSA-69580,R-HSA-69615,R-HSA-69620,R-HSA-69656,R-HSA-73857,R-HSA-74160,R-HSA-8848021,R-HSA-8849470,R-HSA-8939211,R-HSA-8953897,R-HSA-9006925,R-HSA-9006927,R-HSA-9006931,R-HSA-9009391,R-HSA-9614085,R-HSA-9617828,R-HSA-9634638,S76986,S76988,U10906,UPI0000035C92,UPI000155D50D,UPI000155D50E,URS00008C2036,cyclin dependent kinase inhibitor 1B,cyclin-dependent kinase inhibitor 1B (p27, Kip1),hsa:1027,p27Kip1,uc001rat.3
CDKN2A	9606.ENSP00000418915	Cyclin-dependent kinase inhibitor 2A; Acts as a negative regulator of the proliferation of normal cells by interacting strongly with CDK4 and CDK6. This inhibits their ability to interact with cyclins D and to phosphorylate the retinoblastoma protein; Belongs to the CDKN2 cyclin-dependent kinase inhibitor family.	https://smart.embl.de/smart/DDvec.cgi?smart=167:ANK(44|72)+ANK(77|106)+	1029,1A5E,1BI7,1DC2,2A5E,A5X2G7,AAA82236.1,AAA92554.1,AAB01737.1,AAB60645.1,AAC60649.1,AAD11437.1,AAD14048.1,AAD14050.1,AAH15960.3,AAH21998.3,AAM77919.1,AAP35666.1,AAR05391.1,AB060808,ABC47036.1,AF115544,AF527803,AFN61598.1,AFN61599.1,AFN61600.1,AH007355,AL449423,ARF,BAB91133.1,BC015960,BC021998,BT007020,CAA63870.1,CAB000093,CAB000445,CAB018232,CAH70601.1,CCDS56565,CCDS56565.1,CCDS6510,CCDS6510.1,CCDS6511,CCDS6511.2,CCDS87644,CCDS87644.1,CDK4I,CDKN2,CDKN2A,CDKN2A-201,CDKN2A-202,CDKN2A-203,CDKN2A-204,CDKN2A-205,CDKN2A-206,CDKN2A-207,CDKN2A-208,CDKN2A-209,CDKN2A-210,CDKN2A-211,CDKN2A-212,CDKN2A-213,CDKN2A-214,CDN2A_HUMAN,CH471071,CMM2,Cyclin dependent kinase inhibitor 2A,Cyclin-dependent kinase 4 inhibitor A,Cyclin-dependent kinase inhibitor 2A,D3DRK1,DQ318021,EAW58598.1,EAW58599.1,EAW58600.1,EAW58601.1,EAW58603.1,ENSG00000147889,ENSP00000276932,ENSP00000307101,ENSP00000340570,ENSP00000344621,ENSP00000352454,ENSP00000353503,ENSP00000354638,ENSP00000355153,ENSP00000369495,ENSP00000369496,ENSP00000369501,ENSP00000394932,ENSP00000418915,ENSP00000432664,ENSP00000462950,ENSP00000464202,ENSP00000464952,ENSP00000466887,ENSP00000467390,ENSP00000467857,ENSP00000468510,ENST00000276932,ENST00000304494,ENST00000304494.9,ENST00000341237,ENST00000342676,ENST00000359477,ENST00000360347,ENST00000361279,ENST00000361570,ENST00000380150,ENST00000380150.2,ENST00000380151,ENST00000380151.3,ENST00000380156,ENST00000446177,ENST00000470819,ENST00000470819.2,ENST00000479692,ENST00000479692.2,ENST00000494262,ENST00000494262.5,ENST00000497750,ENST00000497750.1,ENST00000498124,ENST00000498124.1,ENST00000498628,ENST00000498628.6,ENST00000530628,ENST00000530628.2,ENST00000577854,ENST00000577854.1,ENST00000578845,ENST00000578845.2,ENST00000579122,ENST00000579122.1,ENST00000579755,ENST00000579755.1,ENST00000582361,G3XAG3,HGNC:1787,HPA047838,INK4,INK4A,INK4a,J3QRG6,JQ694043,JQ694044,JQ694045,K7ENC6,K7ES20,K7PML8,L27211,LRG_11,LRG_11t1,LRG_11t2,MLM,MTS-1,MTS1,Multiple tumor suppressor 1,NM_000077,NM_000077.4,NM_001195132,NM_001195132.1,NM_001363763,NM_001363763.2,NM_058195,NM_058195.3,NM_058197,NM_058197.4,NP_000068,NP_000068.1,NP_001182061,NP_001182061.1,NP_001350692,NP_001350692.1,NP_478102,NP_478102.2,NP_478104,NP_478104.2,NX_P42771,O95440,OMIM:600160,OTTHUMG00000019686,P14,P14ARF,P16,P16-INK4A,P16INK4,P16INK4A,P19,P19ARF,P42771,Q15191,Q5VVJ5,Q8N726,Q96B52,Q9NP05,R-HSA-109581,R-HSA-109606,R-HSA-111471,R-HSA-1640170,R-HSA-1643685,R-HSA-212436,R-HSA-2262752,R-HSA-2559580,R-HSA-2559582,R-HSA-2559583,R-HSA-2559585,R-HSA-2990846,R-HSA-3108214,R-HSA-3108232,R-HSA-3232118,R-HSA-3700989,R-HSA-392499,R-HSA-453279,R-HSA-5357801,R-HSA-5633007,R-HSA-597592,R-HSA-6804757,R-HSA-6806003,R-HSA-69231,R-HSA-69236,R-HSA-69278,R-HSA-69541,R-HSA-69563,R-HSA-69580,R-HSA-69615,R-HSA-69620,R-HSA-73857,R-HSA-74160,R-HSA-8878159,R-HSA-8941858,R-HSA-8951936,R-HSA-8953897,R-HSA-9630747,R-HSA-9630750,R-HSA-9630791,R-HSA-9630794,R-HSA-9632693,R-HSA-9632697,R-HSA-9632700,R-HSA-9645722,R-HSA-9645723,R-HSA-9646303,R-HSA-9646304,S69804,S78535,TP16,U12818,U12819,U12820,U26727,U38945,UPI000003C67C,UPI0000047FDA,UPI000014576F,UPI000036760F,UPI0000417A62,UPI0001565711,UPI00028408A5,UPI00028408A6,URS00008BDFB6,URS00008BF9AD,X94154,XM_005251343,XM_005251343.1,XM_011517676,XM_011517676.2,XM_011517679.1,XP_005251400,XP_005251400.1,XP_011515978,XP_011515978.1,XP_011515981.1,cyclin dependent kinase inhibitor 2A,hsa:1029,p14,p14ARF,p16,p16-INK4,p16-INK4a,p16INK4A,p16INK4a,p19,p19Arf,uc003zpj.4,uc003zpk.4
CHUK	9606.ENSP00000359424	Inhibitor of nuclear factor kappa-B kinase subunit alpha; Serine kinase that plays an essential role in the NF-kappa-B signaling pathway which is activated by multiple stimuli such as inflammatory cytokines, bacterial or viral products, DNA damages or other cellular stresses. Acts as part of the canonical IKK complex in the conventional pathway of NF-kappa-B activation and phosphorylates inhibitors of NF-kappa-B on serine residues. These modifications allow polyubiquitination of the inhibitors and subsequent degradation by the proteasome. In turn, free NF-kappa-B is translocated into t [...] 	https://smart.embl.de/smart/DDvec.cgi?smart=745:S_TKc(15|301)+IKKbetaNEMObind(706|743)+	1147,2.7.11.10,3BRT,5EBZ,5TQW,5TQX,5TQY,AAC50713.1,AAC51662.1,AAC51671.1,AAD08996.1,AAT49098.1,AF009225,AF012890,AF080157,AL138921,AY652653,CAB004240,CAB018564,CCDS7488,CCDS7488.1,CHEMBL3476,CHUK,CHUK-201,CHUK-202,CHUK-203,CHUK-204,Conserved helix-loop-helix ubiquitous kinase,EC 2.7.11.10,ENSG00000213341,ENSP00000359424,ENST00000370397,ENST00000370397.7,ENST00000585551,ENST00000585551.1,ENST00000588656,ENST00000588656.1,ENST00000590930,ENST00000590930.5,HGNC:1974,HPA001402,I-kappa-B kinase,I-kappa-B kinase 1,I-kappa-B kinase alpha,IKBKA,IKK-A,IKK-alpha,IKK1,IKKA,IKKA_HUMAN,IkBKA,IkappaB kinase,NFKBIKA,NM_001278,NM_001278.4,NM_001278.5,NM_001320928,NM_001320928.1,NP_001269,NP_001269.3,NP_001307857,NP_001307857.1,NX_O15111,Nuclear factor NF-kappa-B inhibitor kinase alpha,O14666,O15111,OMIM:600664,OTTHUMG00000018899,Q13132,Q5W0I4,Q92467,R-HSA-1168372,R-HSA-1169091,R-HSA-1236974,R-HSA-1236975,R-HSA-1257604,R-HSA-1280215,R-HSA-1280218,R-HSA-1606322,R-HSA-162582,R-HSA-1643685,R-HSA-166016,R-HSA-166058,R-HSA-166166,R-HSA-168138,R-HSA-168142,R-HSA-168164,R-HSA-168176,R-HSA-168179,R-HSA-168181,R-HSA-168188,R-HSA-168249,R-HSA-168256,R-HSA-168638,R-HSA-168643,R-HSA-168898,R-HSA-168927,R-HSA-168928,R-HSA-1810476,R-HSA-181438,R-HSA-1834949,R-HSA-198323,R-HSA-202403,R-HSA-202424,R-HSA-2219528,R-HSA-2454202,R-HSA-2871837,R-HSA-445989,R-HSA-446652,R-HSA-448424,R-HSA-449147,R-HSA-450294,R-HSA-5260271,R-HSA-5357905,R-HSA-5357956,R-HSA-5602358,R-HSA-5602636,R-HSA-5603027,R-HSA-5603029,R-HSA-5607761,R-HSA-5607764,R-HSA-5621481,R-HSA-5663202,R-HSA-5668541,R-HSA-5674400,R-HSA-5676590,R-HSA-5684264,R-HSA-73887,R-HSA-75893,R-HSA-9006925,R-HSA-9020702,R-HSA-933542,R-HSA-933543,R-HSA-937039,R-HSA-937041,R-HSA-937061,R-HSA-975138,R-HSA-975144,R-HSA-975155,R-HSA-975871,R-HSA-983169,R-HSA-983705,TCF-16,TCF16,Transcription factor 16,U22512,UPI000013D6C7,URS00008BBE57,URS0000D6D97F,URS0000D6DABC,XM_017015611,XM_017015611.1,XM_017015612,XM_017015612.1,XP_016871100,XP_016871100.1,XP_016871101,XP_016871101.1,XR_001747010,XR_001747010.1,XR_001747011,XR_001747011.1,conserved helix-loop-helix ubiquitous kinase,hsa:1147,uc001kqp.4
CRK	9606.ENSP00000300574	Adapter molecule crk; [Isoform Crk-II]: Regulates cell adhesion, spreading and migration. Mediates attachment-induced MAPK8 activation, membrane ruffling and cell motility in a Rac-dependent manner. Involved in phagocytosis of apoptotic cells and cell motility via its interaction with DOCK1 and DOCK4. May regulate the EFNA5-EPHA3 signaling.	https://smart.embl.de/smart/DDvec.cgi?smart=304:SH2(11|110)+SH3(135|191)+SH3(238|295)+	1398,1JU5,2DVJ,2EYV,2EYW,2EYX,2EYY,2EYZ,2MS4,5UL6,6ATV,A0A0S2Z3K9,A0A0S2Z3Q4,A8MWE8,AAB28213.1,AAH01718.1,AAH08506.1,AAH09837.1,AAP35941.1,ABY87527.1,AC032044,AC100748,AGC09588.1,AK291060,ALQ33454.1,ALQ33455.1,Adapter molecule crk,B0LPE8,BAA01505.1,BAF83749.1,BC001718,BC008506,BC009837,BT007277,CAB010485,CCDS11002,CCDS11002.1,CCDS45561,CCDS45561.1,CH471108,CHEMBL5005,CRK,CRK proto-oncogene, adaptor protein,CRK-201,CRK-202,CRK-203,CRK-204,CRKII,CRK_HUMAN,D10656,D3DTH6,EAW90621.1,EAW90624.1,EAW90625.1,ENSG00000167193,ENSP00000300574,ENSP00000371672,ENSP00000381942,ENSP00000459505,ENST00000300574,ENST00000300574.2,ENST00000382237,ENST00000398970,ENST00000398970.5,ENST00000572145,ENST00000572145.1,ENST00000574295,ENST00000574295.1,EU332838,HGNC:2362,HPA068087,I3L297,JX512441,KU177996,KU177997,L7RT18,NM_005206,NM_005206.4,NM_005206.5,NM_016823,NM_016823.3,NM_016823.4,NP_005197,NP_005197.3,NP_058431,NP_058431.2,NX_P46108,OMIM:164762,OTTHUMG00000090317,P46108,Proto-oncogene C-crk,Proto-oncogene c-Crk,Q96GA9,Q96HJ0,R-HSA-109582,R-HSA-1280215,R-HSA-162582,R-HSA-166520,R-HSA-168249,R-HSA-168256,R-HSA-169893,R-HSA-170984,R-HSA-186763,R-HSA-186797,R-HSA-187037,R-HSA-187687,R-HSA-194138,R-HSA-2029480,R-HSA-2029482,R-HSA-354192,R-HSA-372708,R-HSA-4420097,R-HSA-449147,R-HSA-512988,R-HSA-6806834,R-HSA-76002,R-HSA-76009,R-HSA-8848021,R-HSA-8849471,R-HSA-8875555,R-HSA-8875656,R-HSA-8875878,R-HSA-9006921,R-HSA-9006927,R-HSA-9006934,R-HSA-912631,S65701,UPI0000071225,UPI000007290B,UPI00025A2C27,hsa:1398,p38,uc002fsl.4,v-crk avian sarcoma virus CT10 oncogene homolog
CRKL	9606.ENSP00000346300	Crk-like protein; May mediate the transduction of intracellular signals.	https://smart.embl.de/smart/DDvec.cgi?smart=303:SH2(12|94)+SH3(126|182)+SH3(238|295)+	1399,2BZX,2BZY,2DBK,2EO3,2LQN,2LQW,A8KA44,AAH43500.1,AK292909,BAF85598.1,BC043500,CAA42199.1,CAG30309.1,CCDS13785,CCDS13785.1,CH471176,CR456423,CRK like proto-oncogene, adaptor protein,CRKL,CRKL-201,CRKL-202,CRKL_HUMAN,Crk-like protein,D3DX35,EAX02932.1,EAX02933.1,EAX02934.1,ENSG00000099942,ENSP00000215732,ENSP00000337092,ENSP00000346300,ENSP00000396646,ENST00000215732,ENST00000336748,ENST00000354336,ENST00000354336.7,ENST00000411769,ENST00000411769.1,HGNC:2363,HPA000532,HPA001100,NM_005207,NM_005207.3,NM_005207.4,NP_005198,NP_005198.1,NR_156180,NR_156180.2,NX_P46109,OMIM:602007,OTTHUMG00000150807,P46109,Proto-oncogene C-crk,R-HSA-1280215,R-HSA-162582,R-HSA-166520,R-HSA-168256,R-HSA-169893,R-HSA-170968,R-HSA-186763,R-HSA-186797,R-HSA-187037,R-HSA-187687,R-HSA-449147,R-HSA-512988,R-HSA-6806834,R-HSA-8875555,R-HSA-8875656,R-HSA-8875878,R-HSA-9006335,R-HSA-9006934,R-HSA-9027284,R-HSA-912631,UPI000000DA57,X59656,hsa:1399,uc002ztf.2
CTBP1	9606.ENSP00000290921	C-terminal-binding protein 1; Corepressor targeting diverse transcription regulators such as GLIS2 or BCL6. Has dehydrogenase activity. Involved in controlling the equilibrium between tubular and stacked structures in the Golgi complex. Functions in brown adipose tissue (BAT) differentiation. Belongs to the D-isomer specific 2-hydroxyacid dehydrogenase family.	https://smart.embl.de/smart/DDvec.cgi?smart=440:Pfam_2-Hacid_dh_C(133|317)+	1.1.1.-,1487,1MX3,4LCE,4U6Q,4U6S,6CDF,6CDR,A0A0D9SGE6,AAC62822.1,AAD14597.1,AAH11655.1,AAH53320.1,AAY40989.1,AC092535,AF091555,AHW56458.1,BARS,BC011655,BC053320,C-terminal binding protein,C-terminal binding protein 1,C-terminal-binding protein 1,CAB004217,CCDS3348,CCDS3348.1,CCDS43203,CCDS43203.1,CH471131,CTBP,CTBP1,CTBP1-201,CTBP1-202,CTBP1-203,CTBP1-204,CTBP1-205,CTBP1-206,CTBP1-207,CTBP1-208,CTBP1-209,CTBP1-210,CTBP1-211,CTBP1-212,CTBP1-213,CTBP1-214,CTBP1-215,CTBP1-216,CTBP1-217,CTBP1-218,CTBP1-219,CTBP1_HUMAN,CtBP1,D6RAX2,E7EPF8,E7ESU7,E7EUB3,E9PGB1,EAW82599.1,EAW82600.1,EAW82601.1,ENSG00000159692,ENSP00000290921,ENSP00000338709,ENSP00000372409,ENSP00000372411,ENSP00000420983,ENSP00000421715,ENSP00000422148,ENSP00000422364,ENSP00000422730,ENSP00000423872,ENSP00000424575,ENSP00000424684,ENSP00000425053,ENSP00000426470,ENSP00000426680,ENSP00000487417,ENST00000290921,ENST00000290921.10,ENST00000336543,ENST00000382950,ENST00000382950.8,ENST00000382952,ENST00000382952.7,ENST00000503594,ENST00000503594.5,ENST00000504092,ENST00000504092.5,ENST00000504784,ENST00000504784.1,ENST00000505536,ENST00000505826,ENST00000505826.5,ENST00000506180,ENST00000506180.5,ENST00000510568,ENST00000510568.1,ENST00000510739,ENST00000510739.1,ENST00000511907,ENST00000511907.1,ENST00000513420,ENST00000513420.1,ENST00000514210,ENST00000514210.5,ENST00000514495,ENST00000514495.1,ENST00000514596,ENST00000514596.1,ENST00000514669,ENST00000514669.5,ENST00000515399,ENST00000515399.5,ENST00000515690,ENST00000515690.1,ENST00000629223,ENST00000629223.1,H0Y8U5,H0Y8W7,H0Y913,H0Y9M9,HADDTS,HGNC:2494,HPA018987,HPA044971,KJ534818,NM_001012614,NM_001012614.1,NM_001012614.2,NM_001328,NM_001328.2,NM_001328.3,NP_001012632,NP_001012632.1,NP_001319,NP_001319.1,NX_Q13363,OMIM:602618,OTTHUMG00000089259,Q13363,Q4W5N3,Q7Z2Q5,R-HSA-162582,R-HSA-1643685,R-HSA-195253,R-HSA-195721,R-HSA-201681,R-HSA-2990846,R-HSA-3108232,R-HSA-3769402,R-HSA-3899300,R-HSA-392499,R-HSA-4641265,R-HSA-4791275,R-HSA-5339700,R-HSA-5663202,R-HSA-597592,U37408,UPI0000070FA2,UPI0000128637,UPI00001A9304,UPI0001D3B082,UPI0001D3B084,UPI0001D3B085,UPI0001D3B087,UPI0001D3B088,UPI0001D3B08A,UPI0001D3B08B,UPI0003F48083,UPI0005D0E94F,URS0000D6D6CE,URS0000D6E8EF,URS0000EA34C6,URS0000EAB7D2,URS0000EC081E,X5D8Y5,XM_005272261,XM_005272261.3,XM_005272263,XM_005272263.5,XM_011513395,XM_011513395.3,XM_011513396,XM_011513396.3,XM_017007762,XM_017007762.2,XM_017007763,XM_017007763.2,XM_017007764,XM_017007764.1,XM_017007765,XM_017007765.1,XM_017007765.2,XM_017007766,XM_017007766.1,XM_017007766.2,XM_017007767,XM_017007767.1,XM_017007767.2,XM_024453899,XM_024453899.1,XP_005272318,XP_005272318.1,XP_005272320,XP_005272320.1,XP_011511697,XP_011511697.1,XP_011511698,XP_011511698.1,XP_016863251,XP_016863251.1,XP_016863252,XP_016863252.1,XP_016863253,XP_016863253.1,XP_016863254,XP_016863254.1,XP_016863255,XP_016863255.1,XP_016863256,XP_016863256.1,XP_024309667,XP_024309667.1,brefeldin A-ribosylated substrate,hsa:1487,uc003gcu.2,uc003gcv.2
CTBP2	9606.ENSP00000311825	C-terminal-binding protein 2; Corepressor targeting diverse transcription regulators. Functions in brown adipose tissue (BAT) differentiation (By similarity); Belongs to the D-isomer specific 2-hydroxyacid dehydrogenase family.	https://smart.embl.de/smart/DDvec.cgi?smart=985:Pfam_2-Hacid_dh_C(679|863)+	1488,2OME,4LCJ,A0A087WYL1,A8K2X5,AAC39603.1,AAG45951.1,AAH02486.1,AAH37900.1,AAH47018.1,AAH52276.1,AAH72020.1,AAP35658.1,AF016507,AF222711,AK290390,AL157888,AL596261,AL731571,AL833398,BAF83079.1,BC002486,BC037900,BC047018,BC052276,BC072020,BT007012,C-terminal binding protein,C-terminal binding protein 2,C-terminal-binding protein 2,CAB031916,CAB079018,CAH10590.1,CCDS7643,CCDS7643.1,CCDS7644,CCDS7644.1,CCDS86154,CCDS86154.1,CH471066,CHEMBL3797016,CTBP2,CTBP2-201,CTBP2-202,CTBP2-203,CTBP2-204,CTBP2-205,CTBP2-206,CTBP2-207,CTBP2-208,CTBP2-209,CTBP2-210,CTBP2-211,CTBP2-212,CTBP2-213,CTBP2-214,CTBP2_HUMAN,CtBP2,D3DRF5,EAW49247.1,EAW49249.1,EAW49250.1,ENSG00000175029,ENSP00000308392,ENSP00000311825,ENSP00000338615,ENSP00000357814,ENSP00000357816,ENSP00000357818,ENSP00000410474,ENSP00000434424,ENSP00000434630,ENSP00000436285,ENSP00000481909,ENST00000309022,ENST00000309035,ENST00000309035.10,ENST00000326079,ENST00000334808,ENST00000334808.10,ENST00000337195,ENST00000337195.9,ENST00000368826,ENST00000395705,ENST00000395705.3,ENST00000411419,ENST00000411419.6,ENST00000460976,ENST00000460976.5,ENST00000467395,ENST00000467395.2,ENST00000476817,ENST00000476817.1,ENST00000486955,ENST00000486955.2,ENST00000493552,ENST00000493552.1,ENST00000494626,ENST00000494626.6,ENST00000530884,ENST00000530884.1,ENST00000530930,ENST00000530930.1,ENST00000531469,ENST00000531469.5,HGNC:2495,HPA023559,HPA023564,HPA044971,NM_001083914,NM_001083914.2,NM_001083914.3,NM_001290214,NM_001290214.2,NM_001290214.3,NM_001290215,NM_001290215.2,NM_001290215.3,NM_001321012,NM_001321012.1,NM_001321012.2,NM_001321013,NM_001321013.1,NM_001321013.2,NM_001321014,NM_001321014.1,NM_001321014.2,NM_001329,NM_001329.3,NM_001329.4,NM_001363508,NM_001363508.2,NM_022802,NM_022802.2,NM_022802.3,NP_001077383,NP_001077383.1,NP_001277143,NP_001277143.1,NP_001277144,NP_001277144.1,NP_001307941,NP_001307941.1,NP_001307942,NP_001307942.1,NP_001307943,NP_001307943.1,NP_001320,NP_001320.1,NP_001350437,NP_001350437.1,NP_073713,NP_073713.2,NX_P56545,O43449,OMIM:602619,OTTHUMG00000019224,P56545,Q5SQP7,Q5SQP8,Q69YI3,Q86SV0,Q8IY44,Q9H2T8,R-HSA-162582,R-HSA-1643685,R-HSA-195253,R-HSA-195721,R-HSA-4641265,R-HSA-4791275,R-HSA-5339700,R-HSA-5663202,UPI000011D7C6,UPI0000128639,UPI000013EE11,UPI0000470347,UPI0004620E74,URS00008B6652,URS00008B70F2,URS0000D6EB79,URS0000D6EC69,XM_005269561,XM_005269561.2,XM_005269561.3,XM_005269564,XM_005269564.2,XM_005269564.3,XM_005269567,XM_005269567.2,XM_005269567.3,XM_005269568,XM_005269568.4,XM_005269568.5,XM_005269569,XM_005269569.2,XM_005269569.3,XM_005269571,XM_005269571.2,XM_005269571.3,XM_005269572,XM_005269572.3,XM_005269572.4,XM_006717642,XM_006717642.2,XM_006717642.3,XM_011539349.2,XM_011539351,XM_011539351.1,XM_011539351.2,XM_011539353,XM_011539353.1,XM_011539353.2,XM_011539354,XM_011539354.1,XM_011539354.2,XM_011539355,XM_011539355.1,XM_011539355.2,XM_011539357,XM_011539357.2,XM_011539358,XM_011539358.2,XM_017015756,XM_017015756.1,XM_017015756.2,XM_017015757,XM_017015757.1,XM_017015757.2,XM_024447830,XM_024447830.1,XM_024447831,XM_024447831.1,XP_005269618,XP_005269618.1,XP_005269621,XP_005269621.1,XP_005269624,XP_005269624.1,XP_005269625,XP_005269625.1,XP_005269626,XP_005269626.1,XP_005269628,XP_005269628.1,XP_005269629,XP_005269629.1,XP_006717705,XP_006717705.1,XP_011537651.1,XP_011537653,XP_011537653.1,XP_011537655,XP_011537655.1,XP_011537656,XP_011537656.1,XP_011537657,XP_011537657.1,XP_011537659,XP_011537659.1,XP_011537660,XP_011537660.1,XP_016871245,XP_016871245.1,XP_016871246,XP_016871246.1,XP_024303598,XP_024303598.1,XP_024303599,XP_024303599.1,hsa:1488,ribeye,uc001lie.5,uc009yal.4
DDB2	9606.ENSP00000256996	DNA damage-binding protein 2; Required for DNA repair. Binds to DDB1 to form the UV-damaged DNA-binding protein complex (the UV-DDB complex). The UV-DDB complex may recognize UV-induced DNA damage and recruit proteins of the nucleotide excision repair pathway (the NER pathway) to initiate DNA repair. The UV-DDB complex preferentially binds to cyclobutane pyrimidine dimers (CPD), 6-4 photoproducts (6-4 PP), apurinic sites and short mismatches. Also appears to function as the substrate recognition module for the DCX (DDB1-CUL4-X-box) E3 ubiquitin-protein ligase complex DDB1-CUL4-ROC1 (al [...] 	https://smart.embl.de/smart/DDvec.cgi?smart=427:WD40(100|140)+WD40(144|185)+WD40(187|229)+WD40(231|271)+WD40(278|316)+	1643,3EI4,3I7L,4E54,4E5Z,6R8Y,6R8Z,6R90,6R91,6R92,A0A087WTQ7,A0A087WV56,A0A087WW71,A0A087WYT8,A0A087X0X5,AAB07897.1,AAH00093.1,AAO25655.1,AAP35803.1,AB107037,AB107038,AB107039,AB107040,AC018410,AC090589,AK313262,AY220533,B2R875,BAD12557.1,BAD12558.1,BAD12559.1,BAD12560.1,BAG36072.1,BC000093,BT007139,CAB025912,CCDS73284,CCDS73284.1,CCDS7927,CCDS7927.1,CH471064,DDB p48 subunit,DDB2,DDB2-201,DDB2-202,DDB2-203,DDB2-204,DDB2-205,DDB2-206,DDB2-207,DDB2-208,DDB2-209,DDB2-210,DDB2-211,DDB2-212,DDB2-213,DDB2-214,DDB2-215,DDB2-216,DDB2_HUMAN,DDBB,DDBb,DNA damage-binding protein 2,Damage specific DNA binding protein 2,Damage-specific DNA-binding protein 2,EAW67952.1,ENSG00000134574,ENSP00000256996,ENSP00000326703,ENSP00000367863,ENSP00000367864,ENSP00000367866,ENSP00000378810,ENSP00000478063,ENSP00000478411,ENSP00000479196,ENSP00000479994,ENSP00000482080,ENSP00000483718,ENST00000256996,ENST00000256996.8,ENST00000316736,ENST00000378600,ENST00000378600.7,ENST00000378601,ENST00000378601.7,ENST00000378603,ENST00000378603.7,ENST00000395419,ENST00000610805,ENST00000610805.4,ENST00000612309,ENST00000612309.4,ENST00000614394,ENST00000614394.1,ENST00000614825,ENST00000614825.4,ENST00000614884,ENST00000614884.1,ENST00000615695,ENST00000615695.1,ENST00000616278,ENST00000616278.4,ENST00000617022,ENST00000617022.4,ENST00000617847,ENST00000617847.4,ENST00000620515,ENST00000620515.1,ENST00000622090,ENST00000622090.4,ENST00000622878,ENST00000622878.4,FLJ34321,HGNC:2718,HPA058406,KF455383,KF459540,LRG_467,LRG_467t1,NM_000107,NM_000107.2,NM_001300734,NM_001300734.1,NP_000098,NP_000098.1,NP_001287663,NP_001287663.1,NX_Q92466,OMIM:600811,OTTHUMG00000187453,Q76E54,Q76E55,Q76E56,Q76E57,Q92466,R-HSA-212436,R-HSA-3700989,R-HSA-392499,R-HSA-5688426,R-HSA-5689880,R-HSA-5696394,R-HSA-5696395,R-HSA-5696398,R-HSA-5696399,R-HSA-5696400,R-HSA-597592,R-HSA-6796648,R-HSA-73857,R-HSA-73894,R-HSA-74160,R-HSA-8951664,U18300,UPI000000D90C,UPI000034E48A,UPI000034E48B,UPI000034E48C,UPI000034E48D,UPI00046209AC,UPI0004620BAB,UPI0004620D92,UPI00053BD5D9,UPI00053BD5EF,URS0000E91B0D,URS0000EABC47,UV-DDB 2,UV-DDB2,UV-damaged DNA-binding protein 2,XPE,XR_242780,XR_242780.4,damage specific DNA binding protein 2,damage-specific DNA binding protein 2 (48kD),hsa:1643,uc001neb.3,xeroderma pigmentosum group E protein
E2F1	9606.ENSP00000345571	Transcription factor E2F1; Transcription activator that binds DNA cooperatively with DP proteins through the E2 recognition site, 5'-TTTC[CG]CGC-3' found in the promoter region of a number of genes whose products are involved in cell cycle regulation or in DNA replication. The DRTF1/E2F complex functions in the control of cell-cycle progression from G1 to S phase. E2F1 binds preferentially RB1 in a cell-cycle dependent manner. It can mediate both cell proliferation and TP53/p53-dependent apoptosis. Blocks adipocyte differentiation by binding to specific promoters repressing CEBPA bindi [...] 	https://smart.embl.de/smart/DDvec.cgi?smart=437:E2F_TDP(127|192)+Pfam_E2F_CC-MB(206|299)+	1869,1H24,1O9K,2AZE,5M9N,5M9O,6G0P,AAA35782.1,AAB24289.1,AAC50719.1,AAD14150.1,AAH50369.1,AAH58902.1,AAM47604.1,AF516106,AL121906,BC050369,BC058902,CAB000329,CAB019308,CCDS13224,CCDS13224.1,CHEMBL4382,E2F transcription factor 1,E2F-1,E2F1,E2F1-201,E2F1_HUMAN,ENSG00000101412,ENSP00000217393,ENSP00000345571,ENSP00000364362,ENSP00000385002,ENSP00000480001,ENST00000217393,ENST00000343380,ENST00000343380.5,ENST00000375214,ENST00000402461,ENST00000622594,HGNC:3113,HPA008003,HPA029735,M96577,NM_005225,NM_005225.2,NM_005225.3,NP_005216,NP_005216.1,NX_Q01094,OMIM:189971,OTTHUMG00000032265,PBR3,Q01094,Q13143,Q92768,R-HSA-109581,R-HSA-109606,R-HSA-111448,R-HSA-113501,R-HSA-113510,R-HSA-114452,R-HSA-1266738,R-HSA-1362277,R-HSA-1362300,R-HSA-139915,R-HSA-1538133,R-HSA-157118,R-HSA-162582,R-HSA-1640170,R-HSA-1912408,R-HSA-1912422,R-HSA-212436,R-HSA-2262752,R-HSA-2559580,R-HSA-2559583,R-HSA-2559585,R-HSA-3700989,R-HSA-453274,R-HSA-453279,R-HSA-5357801,R-HSA-6791312,R-HSA-6804116,R-HSA-68689,R-HSA-68867,R-HSA-68911,R-HSA-69002,R-HSA-69202,R-HSA-69205,R-HSA-69206,R-HSA-69231,R-HSA-69236,R-HSA-69242,R-HSA-69278,R-HSA-69306,R-HSA-69656,R-HSA-73857,R-HSA-74160,R-HSA-8953750,R-HSA-8953897,R-HSA-9616222,RBAP-1,RBAP1,RBBP-3,RBBP3,RBP3,Retinoblastoma-associated protein 1,Retinoblastoma-binding protein 3,S49592,S74230,Transcription factor E2F1,U47675,U47676,U47677,UPI000002EDEC,hsa:1869,pRB-binding protein E2F-1,uc002wzu.5
E2F2	9606.ENSP00000355249	Transcription factor E2F2; Transcription activator that binds DNA cooperatively with DP proteins through the E2 recognition site, 5'-TTTC[CG]CGC-3' found in the promoter region of a number of genes whose products are involved in cell cycle regulation or in DNA replication. The DRTF1/E2F complex functions in the control of cell-cycle progression from g1 to s phase. E2F2 binds specifically to RB1 in a cell-cycle dependent manner; Belongs to the E2F/DP family.	https://smart.embl.de/smart/DDvec.cgi?smart=437:E2F_TDP(129|194)+Pfam_E2F_CC-MB(210|304)+	1870,1N4M,AAA16890.1,AAH53676.1,AAM54044.1,AF518877,AK313939,AL021154,B2R9W1,BAG36658.1,BC053676,CAB016313,CCDS236,CCDS236.1,E2F transcription factor 2,E2F-2,E2F2,E2F2-201,E2F2-202,E2F2_HUMAN,ENSG00000007968,ENSP00000008952,ENSP00000355249,ENSP00000363697,ENST00000008952,ENST00000361729,ENST00000361729.2,ENST00000374569,ENST00000487237,ENST00000487237.1,HGNC:3114,L22846,NM_004091,NM_004091.3,NM_004091.4,NP_004082,NP_004082.1,NX_Q14209,OMIM:600426,OTTHUMG00000003223,Q14209,Q7Z6H1,R-HSA-1640170,R-HSA-2262752,R-HSA-2559580,R-HSA-2559583,R-HSA-2559585,R-HSA-453279,R-HSA-68689,R-HSA-68867,R-HSA-69002,R-HSA-69231,R-HSA-69236,R-HSA-69278,R-HSA-69306,R-HSA-8953897,Transcription factor E2F2,UPI0000129AC1,URS0000D6E1AE,XM_011540868,XM_011540868.3,XM_011540870,XM_011540870.3,XM_011540871,XM_011540871.2,XP_011539170,XP_011539170.1,XP_011539172,XP_011539172.1,XP_011539173,XP_011539173.1,hsa:1870,uc001bhe.3
E2F3	9606.ENSP00000262904	Transcription factor E2F3; Transcription activator that binds DNA cooperatively with DP proteins through the E2 recognition site, 5'-TTTC[CG]CGC-3' found in the promoter region of a number of genes whose products are involved in cell cycle regulation or in DNA replication. The DRTF1/E2F complex functions in the control of cell-cycle progression from G1 to S phase. E2F3 binds specifically to RB1 in a cell-cycle dependent manner. Inhibits adipogenesis, probably through the repression of CEBPA binding to its target gene promoters (By similarity).	https://smart.embl.de/smart/DDvec.cgi?smart=465:E2F_TDP(178|243)+Pfam_E2F_CC-MB(259|352)+	1871,A0A087X0B6,AAN17846.1,AF547386,AL132775,AL136303,BAA07553.1,CAA71504.1,CAH18140.1,CCDS4545,CCDS4545.1,CCDS58999,CCDS58999.1,CR749285,D38550,E2F transcription factor 3,E2F-3,E2F3,E2F3-201,E2F3-202,E2F3-203,E2F3_HUMAN,ENSG00000112242,ENSP00000262904,ENSP00000345073,ENSP00000367914,ENSP00000367927,ENSP00000367933,ENSP00000443418,ENSP00000483249,ENST00000262904,ENST00000346618,ENST00000346618.7,ENST00000347671,ENST00000378646,ENST00000378658,ENST00000378664,ENST00000535432,ENST00000535432.2,ENST00000613242,ENST00000613242.4,HGNC:3115,HPA029779,HPA065012,KIAA0075,NM_001243076,NM_001243076.2,NM_001949,NM_001949.4,NM_001949.5,NP_001230005,NP_001230005.1,NP_001940,NP_001940.1,NX_O00716,O00716,OMIM:600427,OTTHUMG00000016389,Q15000,Q68DT0,Q9BZ44,R-HSA-157118,R-HSA-162582,R-HSA-1640170,R-HSA-1912408,R-HSA-1912422,R-HSA-2262752,R-HSA-2559580,R-HSA-2559583,R-HSA-2559585,R-HSA-453274,R-HSA-453279,R-HSA-68689,R-HSA-68867,R-HSA-68911,R-HSA-69002,R-HSA-69231,R-HSA-69236,R-HSA-69278,R-HSA-69306,R-HSA-8953897,Transcription factor E2F3,UPI0000129AC2,UPI000041A0A8,UPI0004E4CB50,XM_005248865,XM_005248865.5,XM_005248866,XM_005248866.5,XM_011514324,XM_011514324.3,XM_011514328,XM_011514328.3,XM_017010330,XM_017010330.1,XP_005248922,XP_005248922.1,XP_005248923,XP_005248923.1,XP_011512626,XP_011512626.1,XP_011512630,XP_011512630.1,XP_016865819,XP_016865819.1,XR_001743194,XR_001743194.2,XR_001743195,XR_001743195.2,Y10479,hsa:1871,uc003nda.3
GAB2	9606.ENSP00000354952	GRB2-associated-binding protein 2; Adapter protein which acts downstream of several membrane receptors including cytokine, antigen, hormone, cell matrix and growth factor receptors to regulate multiple signaling pathways. Regulates osteoclast differentiation mediating the TNFRSF11A/RANK signaling. In allergic response, it plays a role in mast cells activation and degranulation through PI-3-kinase regulation. Also involved in the regulation of cell proliferation and hematopoiesis.	https://smart.embl.de/smart/DDvec.cgi?smart=676:PH(7|119)+	2VWF,2W0Z,5EWZ,5EXA,9846,A2RRM2,A6NEW9,A7MD36,AAI31712.1,AAI52460.1,AB011143,AB018413,AP002985,AP003086,BAA25497.2,BAA76737.1,BC131711,BC152459,CAB022159,CCDS8259,CCDS8259.1,CCDS8260,CCDS8260.1,CH471076,E9PJ26,E9PJE2,EAW75057.1,EAW75058.1,ENSG00000033327,ENSP00000302452,ENSP00000315195,ENSP00000343959,ENSP00000354952,ENSP00000431868,ENSP00000433762,ENST00000304401,ENST00000322871,ENST00000340149,ENST00000340149.6,ENST00000361507,ENST00000361507.4,ENST00000526030,ENST00000526030.1,ENST00000528329,ENST00000528329.1,ENST00000528886,ENST00000528886.5,ENST00000530915,ENST00000530915.1,ENST00000534823,ENST00000534823.1,GAB2,GAB2-201,GAB2-202,GAB2-203,GAB2-204,GAB2-205,GAB2-206,GAB2-207,GAB2_HUMAN,GRB2 associated binding protein 2,GRB2-associated binder 2,GRB2-associated-binding protein 2,Grb2-associated binder 2,HGNC:14458,HPA000271,HPA001368,KIAA0571,NM_012296,NM_012296.3,NM_080491,NM_080491.2,NM_080491.3,NP_036428,NP_036428.1,NP_536739,NP_536739.1,NX_Q9UQC2,O60317,OMIM:606203,OTTHUMG00000166673,Q9UQC2,R-HSA-109704,R-HSA-112399,R-HSA-1226099,R-HSA-1266738,R-HSA-1280215,R-HSA-1433557,R-HSA-162582,R-HSA-1643685,R-HSA-168249,R-HSA-168256,R-HSA-1839117,R-HSA-1839124,R-HSA-2404192,R-HSA-2428924,R-HSA-2428928,R-HSA-2454202,R-HSA-2730905,R-HSA-422475,R-HSA-449147,R-HSA-451927,R-HSA-512988,R-HSA-5655302,R-HSA-5663202,R-HSA-74751,R-HSA-74752,R-HSA-8853659,R-HSA-8983432,R-HSA-9006934,R-HSA-912526,R-HSA-9607240,R-HSA-9645135,UPI0000073037,UPI00001615CF,UPI0001F78192,UPI0003F4835A,XM_006718753,XM_006718753.2,XM_011545408,XM_011545408.3,XM_024448782,XM_024448782.1,XP_006718816,XP_006718816.1,XP_011543710,XP_011543710.1,XP_024304550,XP_024304550.1,hsa:9846,pp100,uc001ozg.4,uc001ozh.4
GADD45A	9606.ENSP00000360025	Growth arrest and DNA damage-inducible protein GADD45 alpha; In T-cells, functions as a regulator of p38 MAPKs by inhibiting p88 phosphorylation and activity (By similarity). Might affect PCNA interaction with some CDK (cell division protein kinase) complexes; stimulates DNA excision repair in vitro and inhibits entry of cells into S phase; Belongs to the GADD45 family.	https://smart.embl.de/smart/DDvec.cgi?smart=165:Pfam_Ribosomal_L7Ae(21|123)+	1647,2KG4,A0A087WZQ0,A0A3B3ITF9,A5JUZ3,AAA35863.1,AAA72045.1,AAH11757.1,AAM88884.1,AAY25021.1,ABQ52427.1,AK314991,AL136120,AY135686,BAG37487.1,BC011757,CCDS55605,CCDS55605.1,CCDS640,CCDS640.1,CCDS72806,CCDS72806.1,CH471059,DDIT-1,DDIT1,DNA damage-inducible transcript 1 protein,DQ008445,EAX06487.1,EAX06488.1,EF581092,ENSG00000116717,ENSP00000235358,ENSP00000360023,ENSP00000360024,ENSP00000360025,ENSP00000406945,ENSP00000482814,ENSP00000496875,ENSP00000497697,ENST00000235358,ENST00000370984,ENST00000370985,ENST00000370985.4,ENST00000370986,ENST00000370986.8,ENST00000451087,ENST00000460575,ENST00000460575.1,ENST00000484245,ENST00000484245.1,ENST00000617962,ENST00000617962.2,ENST00000648742,ENST00000648742.1,ENST00000650283,ENST00000650283.1,GA45A_HUMAN,GADD45,GADD45A,GADD45A-201,GADD45A-202,GADD45A-203,GADD45A-204,GADD45A-205,GADD45A-206,GADD45A-207,Growth arrest and DNA damage inducible alpha,Growth arrest and DNA-damage-inducible protein,HGNC:4095,HPA053420,L24498,M60974,NM_001199741,NM_001199741.1,NM_001199741.2,NM_001199742,NM_001199742.1,NM_001199742.2,NM_001924,NM_001924.3,NM_001924.4,NP_001186670,NP_001186670.1,NP_001186671,NP_001186671.1,NP_001915,NP_001915.1,NX_P24522,OMIM:126335,OTTHUMG00000009374,P24522,Q5TCA7,Q5TCA8,R-HSA-212436,R-HSA-3700989,R-HSA-6791312,R-HSA-6804114,R-HSA-73857,R-HSA-74160,R-HSA-9614085,R-HSA-9617828,UPI000012AF8C,UPI0000204547,UPI0001529485,UPI000E6F2053,UPI000E6F40DE,growth arrest and DNA damage inducible alpha,growth arrest and DNA-damage-inducible, alpha,hsa:1647,uc001ddz.3
GADD45B	9606.ENSP00000215631	Growth arrest and DNA damage-inducible protein GADD45 beta; Involved in the regulation of growth and apoptosis. Mediates activation of stress-responsive MTK1/MEKK4 MAPKKK.	https://smart.embl.de/smart/DDvec.cgi?smart=160:Pfam_Ribosomal_L7Ae(21|121)+	4616,A8KAM2,AAC34572.1,AAC36361.1,AAC83328.1,AAG48366.1,AAI13467.1,AAI17470.1,AAM92794.1,AAT38867.1,AAT38868.1,AC005624,AF078077,AF087853,AF090950,AF533019,AK293087,AY615270,AY615271,BAF85776.1,BC113466,BC117469,CCDS32868,CCDS32868.1,CH471139,DKFZP566B133,EAW69376.1,ENSG00000099860,ENSP00000215631,ENSP00000466414,ENSP00000467490,ENSP00000468374,ENSP00000468620,ENST00000215631,ENST00000215631.8,ENST00000585359,ENST00000585359.1,ENST00000586759,ENST00000586759.1,ENST00000587345,ENST00000587345.1,ENST00000587887,ENST00000587887.5,ENST00000592937,ENST00000592937.1,ENST00000593043,ENST00000593043.1,GA45B_HUMAN,GADD45B,GADD45B-201,GADD45B-202,GADD45B-203,GADD45B-204,GADD45B-205,GADD45B-206,GADD45B-207,GADD45BETA,Growth arrest and DNA damage inducible beta,Growth arrest and DNA-damage-inducible protein,HGNC:4096,HPA029816,K7EM97,K7EPQ8,MYD118,NM_015675,NM_015675.3,NM_015675.4,NP_056490,NP_056490.2,NX_O75293,Negative growth regulatory protein MyD118,O75293,O75960,OMIM:604948,OTTHUMG00000180434,Q17R46,Q6IX74,UPI000012AEF0,UPI0000378706,UPI0002840B68,UPI0002840B69,XM_017026822,XM_017026822.1,XP_016882311,XP_016882311.1,growth arrest and DNA damage inducible beta,growth arrest and DNA-damage-inducible beta,growth arrest and DNA-damage-inducible, beta,hsa:4616,myeloid differentiation primary response,uc002lwb.3
GADD45G	9606.ENSP00000252506	Growth arrest and DNA damage-inducible protein GADD45 gamma; Involved in the regulation of growth and apoptosis. Mediates activation of stress-responsive MTK1/MEKK4 MAPKKK; Belongs to the GADD45 family.	https://smart.embl.de/smart/DDvec.cgi?smart=159:Pfam_Ribosomal_L7Ae(24|113)+	10912,2WAL,3FFM,AAC83329.1,AAD28544.1,AAF73468.1,AAH00465.1,AAH19325.1,AAK00414.1,AAM00007.1,AAP35898.1,AF078078,AF079806,AF087883,AF265659,AF494037,AK313689,AL161910,BAG36438.1,BC000465,BC019325,BT007234,CCDS6686,CCDS6686.1,CH471089,CR6,Cytokine-responsive protein CR6,D83023,DDIT-2,DDIT2,DNA damage-inducible transcript 2 protein,EAW62774.1,ENSG00000130222,ENSP00000252506,ENSP00000364924,ENSP00000364925,ENST00000252506,ENST00000252506.10,ENST00000375769,ENST00000375769.1,ENST00000375770,ENST00000494726,ENST00000494726.1,GA45G_HUMAN,GADD45G,GADD45G-201,GADD45G-202,GADD45G-203,GADD45gamma,GRP17,Growth arrest and DNA damage inducible gamma,Growth arrest and DNA-damage-inducible protein,HGNC:4097,HPA023606,NM_006705,NM_006705.3,NM_006705.4,NP_006696,NP_006696.1,NX_O95257,O95257,OMIM:604949,OTTHUMG00000020187,Q5VZ87,Q5VZ88,Q9C076,UPI000012AEF1,UPI00004588CB,XM_011518163,XM_011518163.2,XP_011516465,XP_011516465.1,gadd-related protein, 17 kD,growth arrest and DNA damage inducible gamma,growth arrest and DNA-damage-inducible gamma,growth arrest and DNA-damage-inducible, gamma,hsa:10912,uc004aqq.4
GRB2	9606.ENSP00000376345	Growth factor receptor-bound protein 2; Adapter protein that provides a critical link between cell surface growth factor receptors and the Ras signaling pathway; Belongs to the GRB2/sem-5/DRK family.	https://smart.embl.de/smart/DDvec.cgi?smart=217:SH3(1|57)+SH2(58|141)+SH3(159|214)+	1AZE,1BM2,1BMB,1CJ1,1FHS,1FYR,1GCQ,1GFC,1GFD,1GHU,1GRI,1IO6,1JYQ,1JYR,1JYU,1QG1,1TZE,1X0N,1ZFP,2885,2AOA,2AOB,2H46,2H5K,2HUW,2VVK,2VWF,2W0Z,3C7I,3IMD,3IMJ,3IN7,3IN8,3KFJ,3MXC,3MXY,3N7Y,3N84,3N8M,3OV1,3OVE,3S8L,3S8N,3S8O,3WA4,4P9V,4P9Z,5CDW,6ICG,6ICH,AAA58448.1,AAC37549.1,AAC72075.1,AAH00631.1,AAM21073.1,ABY87532.1,AC011933,AF063614,AF063615,AF063616,AF063617,AF063618,AF498925,AGC09591.1,AK315565,ASH,Adapter protein GRB2,B0LPF3,BAG37940.1,BC000631,CAA44664.1,CAB002589,CAG46740.1,CCDS11721,CCDS11721.1,CCDS11722,CCDS11722.1,CH471099,CHEMBL3663,CR541942,EAW89270.1,EGFRBP-GRB2,ENSG00000177885,ENSP00000317360,ENSP00000339007,ENSP00000344324,ENSP00000348125,ENSP00000376345,ENSP00000376346,ENSP00000376347,ENSP00000462785,ENSP00000463525,ENSP00000464279,ENSP00000496913,ENST00000316615,ENST00000316615.9,ENST00000316804,ENST00000316804.9,ENST00000341134,ENST00000355864,ENST00000392562,ENST00000392562.5,ENST00000392563,ENST00000392563.5,ENST00000392564,ENST00000392564.5,ENST00000462266,ENST00000462266.1,ENST00000577711,ENST00000577711.1,ENST00000578961,ENST00000578961.5,ENST00000581959,ENST00000581959.1,ENST00000582582,ENST00000582582.1,ENST00000583912,ENST00000583912.1,ENST00000648046,ENST00000648046.1,EU332843,GRB2,GRB2-201,GRB2-202,GRB2-203,GRB2-204,GRB2-205,GRB2-206,GRB2-207,GRB2-208,GRB2-209,GRB2-210,GRB2-211,GRB2-212,GRB2_HUMAN,Grb3-3,Growth factor receptor bound protein 2,Growth factor receptor-binding protein 2,Growth factor receptor-bound protein 2,HGNC:4566,HPA030749,HPA030750,J3KT38,J3QLF6,J3QRL5,JX512444,L29511,M96995,MST084,MSTP084,NCKAP2,NM_002086,NM_002086.4,NM_002086.5,NM_203506,NM_203506.2,NP_002077,NP_002077.1,NP_987102,NP_987102.1,NX_P62993,OMIM:108355,OTTHUMG00000134332,P29354,P62993,Protein Ash,Q14450,Q63057,Q63059,R-HSA-109582,R-HSA-109704,R-HSA-112399,R-HSA-112412,R-HSA-1226099,R-HSA-1227986,R-HSA-1236382,R-HSA-1236394,R-HSA-1250196,R-HSA-1250347,R-HSA-1257604,R-HSA-1266738,R-HSA-1280215,R-HSA-1280218,R-HSA-1295596,R-HSA-1433557,R-HSA-1433559,R-HSA-1500931,R-HSA-162582,R-HSA-1643685,R-HSA-1643713,R-HSA-166520,R-HSA-167044,R-HSA-168249,R-HSA-168256,R-HSA-177929,R-HSA-179812,R-HSA-180292,R-HSA-180336,R-HSA-182971,R-HSA-1839117,R-HSA-1839124,R-HSA-186763,R-HSA-186797,R-HSA-187037,R-HSA-187687,R-HSA-190236,R-HSA-194315,R-HSA-195258,R-HSA-1963640,R-HSA-1963642,R-HSA-199418,R-HSA-199991,R-HSA-202733,R-HSA-2029480,R-HSA-2029482,R-HSA-210993,R-HSA-2172127,R-HSA-2179392,R-HSA-2219528,R-HSA-2219530,R-HSA-2404192,R-HSA-2424491,R-HSA-2428924,R-HSA-2428928,R-HSA-2428933,R-HSA-2454202,R-HSA-2730905,R-HSA-2871796,R-HSA-2871809,R-HSA-354192,R-HSA-354194,R-HSA-372790,R-HSA-375165,R-HSA-388396,R-HSA-388841,R-HSA-389356,R-HSA-389359,R-HSA-391160,R-HSA-416476,R-HSA-422475,R-HSA-449147,R-HSA-451927,R-HSA-512988,R-HSA-5637810,R-HSA-5637812,R-HSA-5637815,R-HSA-5653656,R-HSA-5654687,R-HSA-5654688,R-HSA-5654689,R-HSA-5654693,R-HSA-5654695,R-HSA-5654696,R-HSA-5654699,R-HSA-5654700,R-HSA-5654704,R-HSA-5654706,R-HSA-5654708,R-HSA-5654710,R-HSA-5654712,R-HSA-5654716,R-HSA-5654719,R-HSA-5654720,R-HSA-5654726,R-HSA-5654727,R-HSA-5654732,R-HSA-5654733,R-HSA-5654736,R-HSA-5654738,R-HSA-5654741,R-HSA-5654743,R-HSA-5655253,R-HSA-5655291,R-HSA-5655302,R-HSA-5655332,R-HSA-5663202,R-HSA-5663205,R-HSA-5663213,R-HSA-5673001,R-HSA-5683057,R-HSA-5684996,R-HSA-6806834,R-HSA-6807004,R-HSA-6811558,R-HSA-74749,R-HSA-74751,R-HSA-74752,R-HSA-76002,R-HSA-76009,R-HSA-881907,R-HSA-8851805,R-HSA-8851907,R-HSA-8853334,R-HSA-8853338,R-HSA-8853659,R-HSA-8856825,R-HSA-8856828,R-HSA-8865999,R-HSA-8875360,R-HSA-8875555,R-HSA-8875656,R-HSA-8875878,R-HSA-8876384,R-HSA-8983432,R-HSA-9006115,R-HSA-9006335,R-HSA-9006921,R-HSA-9006925,R-HSA-9006934,R-HSA-9026519,R-HSA-9027284,R-HSA-9028335,R-HSA-9028731,R-HSA-9034015,R-HSA-9034864,R-HSA-912526,R-HSA-912631,R-HSA-9607240,R-HSA-9645135,R-HSA-983695,R-HSA-983705,SH2/SH3 adapter GRB2,UPI000002AABD,UPI000004EF93,UPI0000E5A0A6,UPI0001B31EBB,UPI000268B315,URS00008B73C6,URS0000D6D4BA,X62852,growth factor receptor bound protein 2,growth factor receptor-bound protein 2,hsa:2885,uc002jnx.5
HDAC1	9606.ENSP00000362649	Histone deacetylase 1; Responsible for the deacetylation of lysine residues on the N-terminal part of the core histones (H2A, H2B, H3 and H4). Histone deacetylation gives a tag for epigenetic repression and plays an important role in transcriptional regulation, cell cycle progression and developmental events. Histone deacetylases act via the formation of large multiprotein complexes. Deacetylates SP proteins, SP1 and SP3, and regulates their function. Component of the BRG1-RB1-HDAC1 complex, which negatively regulates the CREST-mediated transcription in resting neurons. Upon calcium st [...] 	https://smart.embl.de/smart/DDvec.cgi?smart=482:Pfam_Hist_deacetyl(28|319)+	1TYI,3.5.1.98,3065,4BKX,5ICN,AAC50475.1,AAH00301.1,AAT44863.1,AB451430,AL109945,AY627042,BAA08909.1,BAG70244.1,BC000301,CAB005017,CAB068191,CAG46518.1,CCDS360,CCDS360.1,CH471059,CHEMBL325,CR541717,D50405,EAX07540.1,EAX07541.1,EC 3.5.1.98,ENSG00000116478,ENSP00000271095,ENSP00000362642,ENSP00000362649,ENSP00000407859,ENSP00000414397,ENST00000271095,ENST00000373541,ENST00000373548,ENST00000373548.7,ENST00000419008,ENST00000428704,ENST00000428704.1,ENST00000463172,ENST00000463172.5,ENST00000471488,ENST00000471488.1,ENST00000472928,ENST00000472928.5,ENST00000476391,ENST00000476391.5,ENST00000481281,ENST00000481281.5,ENST00000482310,ENST00000482310.5,ENST00000484305,ENST00000484305.1,ENST00000490081,ENST00000490081.5,GON-10,HD1,HDAC1,HDAC1-201,HDAC1-202,HDAC1-203,HDAC1-204,HDAC1-205,HDAC1-206,HDAC1-207,HDAC1-208,HDAC1-209,HDAC1-210,HDAC1_HUMAN,HGNC:4852,HPA029693,Histone deacetylase 1,Histone deacetylase 1/2,KDAC1,NM_004964,NM_004964.2,NM_004964.3,NP_004955,NP_004955.2,NX_Q13547,OMIM:601241,OTTHUMG00000007529,Q13547,Q5TEE2,Q6IT96,Q92534,R-HSA-109582,R-HSA-1257604,R-HSA-1362277,R-HSA-1362300,R-HSA-1538133,R-HSA-157118,R-HSA-162582,R-HSA-1640170,R-HSA-1643685,R-HSA-170834,R-HSA-193670,R-HSA-193704,R-HSA-195253,R-HSA-195721,R-HSA-1980143,R-HSA-201681,R-HSA-201722,R-HSA-212165,R-HSA-2122947,R-HSA-212436,R-HSA-2173793,R-HSA-2173795,R-HSA-2173796,R-HSA-2644602,R-HSA-2644603,R-HSA-2644606,R-HSA-2894858,R-HSA-2894862,R-HSA-2990846,R-HSA-3108232,R-HSA-3214815,R-HSA-3247509,R-HSA-350054,R-HSA-3700989,R-HSA-3769402,R-HSA-392499,R-HSA-427389,R-HSA-427413,R-HSA-453279,R-HSA-4551638,R-HSA-4641265,R-HSA-4839726,R-HSA-5250913,R-HSA-5250941,R-HSA-5633007,R-HSA-5663202,R-HSA-597592,R-HSA-6804758,R-HSA-6807070,R-HSA-69205,R-HSA-69206,R-HSA-69278,R-HSA-73762,R-HSA-73854,R-HSA-73857,R-HSA-73864,R-HSA-73887,R-HSA-74160,R-HSA-8878171,R-HSA-8936459,R-HSA-8939211,R-HSA-8943724,R-HSA-8986944,R-HSA-9005891,R-HSA-9005895,R-HSA-9006925,R-HSA-9006931,R-HSA-9006936,R-HSA-9018519,R-HSA-9022538,R-HSA-9022692,R-HSA-9022699,R-HSA-9022702,R-HSA-9614085,R-HSA-9615017,R-HSA-983231,RPD3,RPD3L1,U50079,UPI0000035528,UPI0000470A80,URS0000EA8F70,URS0000EB16B2,XM_011541309,XM_011541309.2,XP_011539611,XP_011539611.1,histone deacetylase 1,hsa:3065,uc001bvb.2
HDAC2	9606.ENSP00000430432	Histone deacetylase 2; Responsible for the deacetylation of lysine residues on the N-terminal part of the core histones (H2A, H2B, H3 and H4). Histone deacetylation gives a tag for epigenetic repression and plays an important role in transcriptional regulation, cell cycle progression and developmental events. Histone deacetylases act via the formation of large multiprotein complexes. Forms transcriptional repressor complexes by associating with MAD, SIN3, YY1 and N-COR. Interacts in the late S- phase of DNA-replication with DNMT1 in the other transcriptional repressor complex composed  [...] 	https://smart.embl.de/smart/DDvec.cgi?smart=488:Pfam_Hist_deacetyl(29|320)+	3.5.1.98,3066,3MAX,4LXZ,4LY1,5IWG,5IX0,6G3O,AAC50814.1,AAH31055.2,AK092156,AK296856,AL590398,AL671967,B3KRS5,B4DL58,BAG52487.1,BAG59420.1,BC031055,CAB005054,CCDS43493,CCDS43493.2,CH471051,CHEMBL1937,E1P561,E5RFI6,E5RFP9,E5RG37,E5RGV4,E5RH52,E5RHE7,E5RJ04,E5RK19,EAW48252.1,EAW48253.1,EAW48254.1,EAW48255.1,EC 3.5.1.98,ENSG00000196591,ENSP00000347104,ENSP00000357621,ENSP00000381331,ENSP00000398182,ENSP00000417026,ENSP00000427861,ENSP00000428024,ENSP00000428599,ENSP00000428653,ENSP00000428861,ENSP00000428989,ENSP00000429236,ENSP00000429901,ENSP00000430008,ENSP00000430432,ENST00000355004,ENST00000368632,ENST00000368632.6,ENST00000398283,ENST00000425835,ENST00000425835.6,ENST00000432975,ENST00000518690,ENST00000518690.5,ENST00000518756,ENST00000518756.1,ENST00000519065,ENST00000519065.5,ENST00000519108,ENST00000519108.5,ENST00000520170,ENST00000520170.1,ENST00000520746,ENST00000520746.1,ENST00000520895,ENST00000520895.5,ENST00000521163,ENST00000521163.5,ENST00000521233,ENST00000521233.1,ENST00000521610,ENST00000521610.5,ENST00000522371,ENST00000522371.5,ENST00000523240,ENST00000523240.5,ENST00000523334,ENST00000523334.1,ENST00000523628,ENST00000523628.5,ENST00000524334,ENST00000524334.1,FO393415,H3BM24,HD2,HDAC2,HDAC2-201,HDAC2-202,HDAC2-203,HDAC2-204,HDAC2-205,HDAC2-206,HDAC2-207,HDAC2-208,HDAC2-209,HDAC2-210,HDAC2-211,HDAC2-212,HDAC2-213,HDAC2-214,HDAC2-215,HDAC2-216,HDAC2-217,HDAC2_HUMAN,HGNC:4853,HPA011727,Histone deacetylase 1/2,Histone deacetylase 2,KDAC2,NM_001527,NM_001527.3,NM_001527.4,NP_001518,NP_001518.3,NR_033441,NR_033441.2,NR_073443,NR_073443.1,NX_Q92769,OMIM:605164,OTTHUMG00000015411,Q5SRI8,Q5SZ86,Q8NEH4,Q92769,R-HSA-109582,R-HSA-1257604,R-HSA-157118,R-HSA-162582,R-HSA-1643685,R-HSA-193670,R-HSA-193704,R-HSA-1980143,R-HSA-212165,R-HSA-2122947,R-HSA-212436,R-HSA-2644602,R-HSA-2644603,R-HSA-2644606,R-HSA-2894858,R-HSA-2894862,R-HSA-2990846,R-HSA-3108232,R-HSA-3214815,R-HSA-3247509,R-HSA-350054,R-HSA-3700989,R-HSA-392499,R-HSA-427389,R-HSA-427413,R-HSA-4551638,R-HSA-4839726,R-HSA-5250913,R-HSA-5250941,R-HSA-5633007,R-HSA-5663202,R-HSA-597592,R-HSA-6804758,R-HSA-6807070,R-HSA-73762,R-HSA-73854,R-HSA-73857,R-HSA-73864,R-HSA-73887,R-HSA-74160,R-HSA-8943724,R-HSA-8986944,R-HSA-9006925,R-HSA-9022692,R-HSA-9022699,R-HSA-9614085,R-HSA-9615017,R-HSA-983231,RPD3,U31814,UPI000013F764,UPI000020E11B,UPI0001E8F3E2,UPI0001E8F3E3,UPI0001E8F3E4,UPI0001E8F3E5,UPI0001E8F3E6,UPI0001E8F3E7,UPI0001E8F3E8,UPI0001E8F3E9,UPI0001E8F3EA,URS0000D6E3BE,URS0000D6E719,URS0000D6EA6E,URS0000D6ECC7,XM_011535788.1,XM_017010799,XM_017010799.1,XP_011534090.1,XP_016866288,XP_016866288.1,YAF1,histone deacetylase 2,hsa:3066,uc003pwc.3,uc003pwd.3
HRAS	9606.ENSP00000407586	GTPase HRas, N-terminally processed; Involved in the activation of Ras protein signal transduction. Ras proteins bind GDP/GTP and possess intrinsic GTPase activity.	https://smart.embl.de/smart/DDvec.cgi?smart=189:RAS(1|166)+	121P,1AA9,1AGP,1BKD,1CLU,1CRP,1CRQ,1CRR,1CTQ,1GNP,1GNQ,1GNR,1HE8,1IAQ,1IOZ,1JAH,1JAI,1K8R,1LF0,1LF5,1LFD,1NVU,1NVV,1NVW,1NVX,1P2S,1P2T,1P2U,1P2V,1PLJ,1PLK,1PLL,1Q21,1QRA,1RVD,1WQ1,1XCM,1XD2,1XJ0,1ZVQ,1ZW6,221P,2C5L,2CE2,2CL0,2CL6,2CL7,2CLC,2CLD,2EVW,2GDP,2LCF,2LWI,2N42,2N46,2Q21,2QUZ,2RGA,2RGB,2RGC,2RGD,2RGE,2RGG,2UZI,2VH5,2X1V,3265,3DDC,3I3S,3K8Y,3K9L,3K9N,3KKM,3KKN,3KUD,3L8Y,3L8Z,3LBH,3LBI,3LBN,3LO5,3OIU,3OIV,3OIW,3RRY,3RRZ,3RS0,3RS2,3RS3,3RS4,3RS5,3RS7,3RSL,3RSO,3TGP,421P,4DLR,4DLS,4DLT,4DLU,4DLV,4DLW,4DLX,4DLY,4DLZ,4DST,4DSU,4EFL,4EFM,4EFN,4G0N,4G3X,4K81,4L9S,4L9W,4NYI,4NYJ,4NYM,4Q21,4RSG,4URU,4URV,4URW,4URX,4URY,4URZ,4US0,4US1,4US2,4XVQ,4XVR,521P,5B2Z,5B30,5E95,5P21,5VBE,5VBZ,5WDO,5WDP,5WDQ,5WFO,5WFP,5WFQ,5WFR,5WPL,5X9S,5ZC6,621P,6AMB,6AXG,6BVI,6BVJ,6BVK,6BVL,6BVM,6CUO,6CUP,6CUR,6D55,6D56,6D59,6D5E,6D5G,6D5H,6D5J,6D5L,6D5M,6D5V,6D5W,6DZH,6E6C,6E6P,6Q21,721P,821P,AAA35685.1,AAB02605.1,AAH06499.1,AAH95471.1,AAM12630.1,AAV38228.1,AB451336,AB451485,ABI97389.1,AF493916,AHW56507.1,AHW56508.1,AJ437024,B5BUA0,BAG70150.1,BAG70299.1,BC006499,BC095471,BT019421,C-BAS/HAS,C-H-RAS,C-HA-RAS1,CAB002015,CAD24594.1,CAG38816.1,CAG47067.1,CCDS7698,CCDS7698.1,CCDS7699,CCDS7699.1,CH471158,CHEMBL2167,CR536579,CR542271,CTLO,EAX02337.1,EAX02338.1,EAX02339.1,EAX02340.1,EAX02341.1,EF015887,ENSG00000174775,ENSP00000176182,ENSP00000309845,ENSP00000312305,ENSP00000319085,ENSP00000373382,ENSP00000380722,ENSP00000380723,ENSP00000388246,ENSP00000394620,ENSP00000407586,ENSP00000434023,ENST00000176182,ENST00000311175,ENST00000311189,ENST00000314312,ENST00000388730,ENST00000397594,ENST00000397594.5,ENST00000397596,ENST00000397596.6,ENST00000417302,ENST00000417302.5,ENST00000450822,ENST00000451590,ENST00000451590.5,ENST00000462734,ENST00000462734.1,ENST00000468682,ENST00000468682.2,ENST00000478324,ENST00000478324.5,ENST00000479482,ENST00000479482.1,ENST00000482021,ENST00000482021.1,ENST00000493230,ENST00000493230.5,GTPase HRas,GTPase HRas, N-terminally processed,H-RASIDX,H-Ras-1,HAMSV,HGNC:5173,HPA049830,HPA070222,HRAS,HRAS-201,HRAS-202,HRAS-203,HRAS-204,HRAS-205,HRAS-206,HRAS-207,HRAS-208,HRAS-209,HRAS-210,HRAS-211,HRAS1,HRas proto-oncogene, GTPase,Ha-Ras,Harvey rat sarcoma viral oncogene homolog,J00277,KJ534867,KJ534868,M17232,NM_001130442,NM_001130442.2,NM_001318054,NM_001318054.1,NM_001318054.2,NM_005343,NM_005343.3,NM_005343.4,NM_176795,NM_176795.4,NP_001123914,NP_001123914.1,NP_001304983,NP_001304983.1,NP_005334,NP_005334.1,NP_789765,NP_789765.1,NX_P01112,OMIM:190020,OTTHUMG00000131919,P01112,Q14080,Q6FHV9,Q9BR65,Q9UCE2,R-HSA-109582,R-HSA-112314,R-HSA-112315,R-HSA-112316,R-HSA-112399,R-HSA-112412,R-HSA-1168372,R-HSA-1169092,R-HSA-1226099,R-HSA-1227986,R-HSA-1236382,R-HSA-1236394,R-HSA-1250196,R-HSA-1250347,R-HSA-1266738,R-HSA-1280215,R-HSA-1280218,R-HSA-1433557,R-HSA-162582,R-HSA-1643685,R-HSA-1643713,R-HSA-166520,R-HSA-167044,R-HSA-168249,R-HSA-168256,R-HSA-171007,R-HSA-177929,R-HSA-179812,R-HSA-180336,R-HSA-186763,R-HSA-186797,R-HSA-187037,R-HSA-187687,R-HSA-190236,R-HSA-194138,R-HSA-1963640,R-HSA-202733,R-HSA-210993,R-HSA-2172127,R-HSA-2179392,R-HSA-2404192,R-HSA-2424491,R-HSA-2428924,R-HSA-2428928,R-HSA-2428933,R-HSA-2454202,R-HSA-2682334,R-HSA-2871796,R-HSA-372790,R-HSA-375165,R-HSA-388396,R-HSA-3928662,R-HSA-416476,R-HSA-422475,R-HSA-438064,R-HSA-4420097,R-HSA-442742,R-HSA-442755,R-HSA-442982,R-HSA-5218921,R-HSA-5621481,R-HSA-5621575,R-HSA-5637810,R-HSA-5637812,R-HSA-5637815,R-HSA-5654687,R-HSA-5654688,R-HSA-5654693,R-HSA-5654696,R-HSA-5654699,R-HSA-5654700,R-HSA-5654704,R-HSA-5654706,R-HSA-5654708,R-HSA-5654712,R-HSA-5654716,R-HSA-5654719,R-HSA-5654736,R-HSA-5654738,R-HSA-5654741,R-HSA-5654743,R-HSA-5655253,R-HSA-5655291,R-HSA-5655302,R-HSA-5655332,R-HSA-5658442,R-HSA-5663202,R-HSA-5673000,R-HSA-5673001,R-HSA-5674135,R-HSA-5675221,R-HSA-5683057,R-HSA-5684996,R-HSA-6802946,R-HSA-6802948,R-HSA-6802949,R-HSA-6802952,R-HSA-6802953,R-HSA-6802955,R-HSA-6802957,R-HSA-6806834,R-HSA-74751,R-HSA-74752,R-HSA-881907,R-HSA-8848021,R-HSA-8849471,R-HSA-8851805,R-HSA-8853334,R-HSA-8853338,R-HSA-8939211,R-HSA-9006115,R-HSA-9006335,R-HSA-9006927,R-HSA-9006931,R-HSA-9006934,R-HSA-9009391,R-HSA-9026519,R-HSA-9027284,R-HSA-9028731,R-HSA-9034015,R-HSA-9034864,R-HSA-9607240,R-HSA-9634635,R-HSA-9649913,R-HSA-9649948,R-HSA-983705,RASH1,RASH_HUMAN,Transforming protein p21,UPI0000001251,UPI000000DCA4,URS00008C3041,URS00009C4533,URS0000D35AAC,URS0000E99A75,X5D945,c-H-ras,hsa:3265,p21ras,uc010qvw.3,uc010qvx.3
IKBKB	9606.ENSP00000430684	Inhibitor of nuclear factor kappa-B kinase subunit beta; Serine kinase that plays an essential role in the NF-kappa-B signaling pathway which is activated by multiple stimuli such as inflammatory cytokines, bacterial or viral products, DNA damages or other cellular stresses. Acts as part of the canonical IKK complex in the conventional pathway of NF-kappa-B activation. Phosphorylates inhibitors of NF-kappa-B on 2 critical serine residues. These modifications allow polyubiquitination of the inhibitors and subsequent degradation by the proteasome. In turn, free NF-kappa-B is translocated [...] 	https://smart.embl.de/smart/DDvec.cgi?smart=756:Pfam_Pkinase_Tyr(15|248)+IKKbetaNEMObind(705|742)+	2.7.11.10,3551,3BRT,3BRV,4E3C,4KIK,A0A499FJS7,AAC51860.1,AAC64675.1,AAD08997.1,AAH06231.1,AAT65965.1,AC083973,AF029684,AF031416,AF080158,AK302723,AK303528,AK316418,AY663108,B4DZ30,B4E0U4,BAG63942.1,BAG64556.1,BAH14789.1,BC006231,CAB004447,CCDS55228,CCDS55228.1,CCDS56535,CCDS6128,CCDS6128.1,CH471080,CHEMBL1991,E5RFG5,E5RFT3,E5RGA0,E5RGW5,E5RIW0,E5RJH2,EAW63223.1,EC 2.7.11.10,ENSG00000104365,ENSP00000265418,ENSP00000314442,ENSP00000314469,ENSP00000339151,ENSP00000369030,ENSP00000404920,ENSP00000427978,ENSP00000428186,ENSP00000428799,ENSP00000428892,ENSP00000428922,ENSP00000429239,ENSP00000429319,ENSP00000429357,ENSP00000429699,ENSP00000429924,ENSP00000430114,ENSP00000430483,ENSP00000430557,ENSP00000430684,ENSP00000430868,ENSP00000486961,ENSP00000497383,ENST00000265418,ENST00000323038,ENST00000323056,ENST00000342222,ENST00000342222.6,ENST00000379708,ENST00000416505,ENST00000517388,ENST00000517388.5,ENST00000517502,ENST00000517502.5,ENST00000517812,ENST00000517812.5,ENST00000517890,ENST00000517890.5,ENST00000517917,ENST00000517917.5,ENST00000518647,ENST00000518647.5,ENST00000518679,ENST00000518679.5,ENST00000518983,ENST00000518983.1,ENST00000519733,ENST00000519733.5,ENST00000519735,ENST00000519735.5,ENST00000519938,ENST00000519938.5,ENST00000520201,ENST00000520201.5,ENST00000520320,ENST00000520320.5,ENST00000520655,ENST00000520655.5,ENST00000520810,ENST00000520810.6,ENST00000520835,ENST00000520835.6,ENST00000521225,ENST00000521225.3,ENST00000521661,ENST00000521661.5,ENST00000522103,ENST00000522103.3,ENST00000522133,ENST00000522133.1,ENST00000522147,ENST00000522147.4,ENST00000522545,ENST00000522545.1,ENST00000522785,ENST00000522785.1,ENST00000523018,ENST00000523018.5,ENST00000523105,ENST00000523105.5,ENST00000523517,ENST00000523517.5,ENST00000523599,ENST00000523599.2,ENST00000629753,ENST00000629753.1,ENST00000648136,ENST00000648136.1,ENST00000649612,ENST00000649751,ENST00000649751.1,G3V105,HGNC:5960,HPA001249,I-kappa-B kinase 2,I-kappa-B-kinase beta,IKBKB,IKBKB-201,IKBKB-202,IKBKB-203,IKBKB-204,IKBKB-205,IKBKB-206,IKBKB-207,IKBKB-208,IKBKB-209,IKBKB-210,IKBKB-211,IKBKB-212,IKBKB-213,IKBKB-214,IKBKB-215,IKBKB-216,IKBKB-217,IKBKB-218,IKBKB-219,IKBKB-220,IKBKB-221,IKBKB-222,IKBKB-223,IKBKB-224,IKBKB-225,IKBKB-226,IKBKB-227,IKBKB-228,IKBKB-229,IKBKB-230,IKBKB-231,IKBKB-232,IKBKB-233,IKK-B,IKK-beta,IKK2,IKKB,IKKB_HUMAN,IMD15,IMD15A,IMD15B,IkBKB,J3KNS5,KF458748,KF495673,LRG_1241,LRG_1241t1,NFKBIKB,NM_001190720,NM_001190720.2,NM_001242778,NM_001242778.1,NM_001242778.2,NM_001556,NM_001556.2,NM_001556.3,NP_001177649,NP_001177649.1,NP_001229707,NP_001229707.1,NP_001547,NP_001547.1,NR_033818,NR_033818.2,NR_033819,NR_033819.2,NR_040009,NR_040009.2,NX_O14920,Nuclear factor NF-kappa-B inhibitor kinase beta,O14920,O75327,OMIM:603258,OTTHUMG00000164092,R-HSA-1168372,R-HSA-1169091,R-HSA-1236974,R-HSA-1236975,R-HSA-1280215,R-HSA-1280218,R-HSA-1606322,R-HSA-162582,R-HSA-1643685,R-HSA-166016,R-HSA-166058,R-HSA-166166,R-HSA-168138,R-HSA-168142,R-HSA-168164,R-HSA-168176,R-HSA-168179,R-HSA-168181,R-HSA-168188,R-HSA-168249,R-HSA-168256,R-HSA-168638,R-HSA-168643,R-HSA-168898,R-HSA-168927,R-HSA-168928,R-HSA-1810476,R-HSA-181438,R-HSA-1834949,R-HSA-193639,R-HSA-193704,R-HSA-202403,R-HSA-202424,R-HSA-209543,R-HSA-209560,R-HSA-2454202,R-HSA-2871837,R-HSA-445989,R-HSA-446652,R-HSA-448424,R-HSA-449147,R-HSA-450294,R-HSA-5260271,R-HSA-5357905,R-HSA-5357956,R-HSA-5602358,R-HSA-5602636,R-HSA-5603027,R-HSA-5603029,R-HSA-5607764,R-HSA-5621481,R-HSA-5684264,R-HSA-73887,R-HSA-75893,R-HSA-9020702,R-HSA-933542,R-HSA-933543,R-HSA-937039,R-HSA-937041,R-HSA-937061,R-HSA-975138,R-HSA-975144,R-HSA-975155,R-HSA-975871,R-HSA-983169,R-HSA-983705,UPI0000033729,UPI0000E5AEA4,UPI0000E5AEA5,UPI0000EE4E12,UPI0001DAFE40,UPI0001E8F162,UPI0001E8F163,UPI0001E8F164,UPI0001E8F165,UPI0001E8F166,UPI00108D6EE0,URS0000E92AF0,URS0000E9336F,URS0000E97AE7,URS0000EBA2CB,XM_005273490,XM_005273490.3,XM_005273491,XM_005273491.5,XM_005273492,XM_005273492.4,XM_005273493,XM_005273493.4,XM_005273494,XM_005273494.3,XM_005273495,XM_005273495.2,XM_005273496,XM_005273496.4,XM_005273498,XM_005273498.4,XM_011544517,XM_011544517.2,XM_011544518,XM_011544518.2,XM_011544519,XM_011544519.2,XM_011544520,XM_011544520.2,XM_011544521,XM_011544521.2,XM_011544522,XM_011544522.2,XM_017013396,XM_017013396.1,XP_005273547,XP_005273547.1,XP_005273548,XP_005273548.1,XP_005273549,XP_005273549.1,XP_005273550,XP_005273550.1,XP_005273551,XP_005273551.1,XP_005273552,XP_005273552.1,XP_005273553,XP_005273553.1,XP_005273555,XP_005273555.1,XP_011542819,XP_011542819.1,XP_011542820,XP_011542820.1,XP_011542821,XP_011542821.1,XP_011542822,XP_011542822.1,XP_011542823,XP_011542823.1,XP_011542824,XP_011542824.1,XP_016868885,XP_016868885.1,XR_001745530,XR_001745530.2,XR_949402,XR_949402.3,hsa:3551,uc003xow.3
IKBKG	9606.ENSP00000483825	NF-kappa-B essential modulator; Regulatory subunit of the IKK core complex which phosphorylates inhibitors of NF-kappa-B thus leading to the dissociation of the inhibitor/NF-kappa-B complex and ultimately the degradation of the inhibitor. Its binding to scaffolding polyubiquitin seems to play a role in IKK activation by multiple signaling receptor pathways. However, the specific type of polyubiquitin recognized upon cell stimulation (either 'Lys-63'-linked or linear polyubiquitin) and its functional importance is reported conflictingly. Also considered to be a mediator for TAX activati [...] 	https://smart.embl.de/smart/DDvec.cgi?smart=487:Pfam_NEMO(112|179)+Pfam_CC2-LZ(315|412)+	2JVX,2JVY,3BRT,3BRV,3CL3,3FX0,4BWN,5AAY,5LDE,6MI3,8517,A0A087WUW6,A0A087WV30,A0A087WWQ9,A0A087X0G7,A0A087X1B1,A0A087X1K7,AAC36330.1,AAD12183.1,AAD38081.1,AAF99679.1,AAH00299.1,AAH12114.1,AAH46922.1,AAH50612.1,AAL27012.1,AAM44073.1,AAV38427.1,AC244090,AF062089,AF074382,AF091453,AF261086,AF277315,AJ271718,AK000593,AMCBX1,AY114157,BC000299,BC012114,BC046922,BC050612,BT019621,C9J2V2,C9JCG6,C9JH59,C9JN51,CAB010373,CAB93146.1,CCDS14757,CCDS14757.1,CCDS48196,CCDS48196.1,CCDS48197,CCDS48197.1,CCDS83513,CCDS83513.1,CHEMBL4967,EDAID1,ENSG00000269335,ENSP00000390368,ENSP00000394934,ENSP00000395205,ENSP00000398579,ENSP00000471166,ENSP00000478616,ENSP00000478979,ENSP00000479144,ENSP00000479662,ENSP00000480431,ENSP00000483381,ENSP00000483825,ENSP00000484023,ENSP00000484275,ENST00000413620,ENST00000413620.5,ENST00000422680,ENST00000422680.5,ENST00000440286,ENST00000440286.5,ENST00000445622,ENST00000445622.5,ENST00000492469,ENST00000492469.2,ENST00000594239,ENST00000594239.5,ENST00000611071,ENST00000611071.4,ENST00000611176,ENST00000611176.4,ENST00000612051,ENST00000612051.1,ENST00000615186,ENST00000615186.4,ENST00000615874,ENST00000615874.4,ENST00000617207,ENST00000617207.4,ENST00000617838,ENST00000617838.1,ENST00000618670,ENST00000618670.4,ENST00000619941,ENST00000619941.4,FIP-3,FIP3,Fip3p,HGNC:5961,HPA000426,I-kappa-B kinase subunit gamma,IKBKG,IKBKG-201,IKBKG-202,IKBKG-203,IKBKG-204,IKBKG-205,IKBKG-206,IKBKG-207,IKBKG-208,IKBKG-209,IKBKG-210,IKBKG-211,IKBKG-212,IKBKG-213,IKBKG-214,IKBKG-215,IKK-gamma,IKKAP1,IKKG,IMD33,IP,IP1,IP2,IPD2,IkB kinase subunit gamma,IkB kinase-associated protein 1,LRG_70,NEMO,NEMO_HUMAN,NF-kappa-B essential modifier,NF-kappa-B essential modulator,NM_001099856,NM_001099856.4,NM_001099856.5,NM_001099857.2,NM_001145255,NM_001145255.2,NM_001145255.3,NM_001321396,NM_001321396.1,NM_001321396.2,NM_001321397.1,NM_003639,NM_003639.4,NP_001093326,NP_001093326.2,NP_001093327,NP_001093327.1,NP_001138727,NP_001138727.1,NP_001308325,NP_001308325.1,NP_001308326,NP_001308326.1,NP_003630,NP_003630.1,NX_Q9Y6K9,OMIM:300248,OTTHUMG00000024234,Q7LBY6,Q7Z7F1,Q9Y6K9,R-HSA-1168372,R-HSA-1169091,R-HSA-1236974,R-HSA-1236975,R-HSA-1280215,R-HSA-1280218,R-HSA-1606322,R-HSA-162582,R-HSA-1643685,R-HSA-166016,R-HSA-166058,R-HSA-166166,R-HSA-168138,R-HSA-168142,R-HSA-168164,R-HSA-168176,R-HSA-168179,R-HSA-168181,R-HSA-168188,R-HSA-168249,R-HSA-168256,R-HSA-168638,R-HSA-168643,R-HSA-168898,R-HSA-168927,R-HSA-168928,R-HSA-1810476,R-HSA-181438,R-HSA-1834949,R-HSA-202403,R-HSA-202424,R-HSA-2454202,R-HSA-2871837,R-HSA-2990846,R-HSA-3108232,R-HSA-392499,R-HSA-445989,R-HSA-446652,R-HSA-448424,R-HSA-449147,R-HSA-450294,R-HSA-450302,R-HSA-450321,R-HSA-4755510,R-HSA-5260271,R-HSA-5357905,R-HSA-5357956,R-HSA-5602358,R-HSA-5602636,R-HSA-5603027,R-HSA-5603029,R-HSA-5607764,R-HSA-5621481,R-HSA-5684264,R-HSA-5688426,R-HSA-5689880,R-HSA-5689896,R-HSA-597592,R-HSA-73887,R-HSA-75893,R-HSA-9020702,R-HSA-933542,R-HSA-933543,R-HSA-937039,R-HSA-937041,R-HSA-937061,R-HSA-975138,R-HSA-975144,R-HSA-975155,R-HSA-975871,R-HSA-983169,R-HSA-983705,UPI0000000CC4,UPI00001A36E3,UPI0000370010,UPI000059DBFA,UPI0000E0C8E3,UPI000155D6D9,UPI000155D6DA,UPI000198C501,UPI0001B791CB,UPI0003F483D4,UPI00046209D4,UPI0004620E66,UPI00053BD5A6,URS00008C2B63,ZC2HC9,hsa:8517,incontinentia pigmenti,uc033fbu.1,uc033fbv.2
KRAS	9606.ENSP00000256078	GTPase KRas, N-terminally processed; Ras proteins bind GDP/GTP and possess intrinsic GTPase activity. Plays an important role in the regulation of cell proliferation. Plays a role in promoting oncogenic events by inducing transcriptional silencing of tumor suppressor genes (TSGs) in colorectal cancer (CRC) cells in a ZNF304-dependent manner.	https://smart.embl.de/smart/DDvec.cgi?smart=189:RAS(1|166)+	1D8D,1D8E,1KZO,1KZP,1N4P,1N4Q,1N4R,1N4S,2MSC,2MSD,2MSE,3845,3GFT,4DSN,4DSO,4EPR,4EPT,4EPV,4EPW,4EPX,4EPY,4L8G,4LDJ,4LPK,4LRW,4LUC,4LV6,4LYF,4LYH,4LYJ,4M1O,4M1S,4M1T,4M1W,4M1Y,4M21,4M22,4NMM,4OBE,4PZY,4PZZ,4Q01,4Q02,4Q03,4QL3,4TQ9,4TQA,4WA7,5F2E,5KYK,5MLA,5MLB,5O2S,5O2T,5OCG,5OCO,5OCT,5TAR,5TB5,5UFE,5UFQ,5UK9,5UQW,5US4,5USJ,5V6S,5V6V,5V71,5V9L,5V9O,5V9U,5VBM,5VP7,5VPI,5VPY,5VPZ,5VQ0,5VQ1,5VQ2,5VQ6,5VQ8,5W22,5WHA,5WHB,5WHD,5WHE,5WLB,5WPM,5XCO,5YXZ,5YY1,6ARK,6ASA,6ASE,6B0V,6B0Y,6BOF,6BP1,6CC9,6CCH,6CCX,6CU6,6E6F,6E6G,6EPL,6EPM,6EPN,6EPO,6EPP,6F76,6FA1,6FA2,6FA3,6FA4,6GJ5,6GJ6,6GJ7,6GJ8,6GOD,6GOE,6GOF,6GOG,6GOM,6GQT,6GQW,6GQX,6GQY,6H46,6H47,6M9W,6MBQ,6MBT,6MBU,6MQG,6MQN,6N2J,6N2K,6OB2,6OB3,6OIM,6P0Z,6P8W,6P8X,6P8Y,6P8Z,6QUU,6QUV,6QUW,6QUX,A0A024RAV5,A8K8Z5,AAA35683.1,AAA36149.1,AAA36554.1,AAA36557.1,AAB41942.1,AAB59444.1,AAB59445.1,AAH13572.1,AAM12631.1,AAP35817.1,ABY87538.1,AC087239,AC092794,AF493917,AGC09594.1,AK292510,B0LPF9,BAF85199.1,BC010502,BC013572,BT007153,C-K-RAS,CAA25828.1,CAA26593.1,CCDS8702,CCDS8702.1,CCDS8703,CCDS8703.1,CFC2,CH471094,CHEMBL2189121,EAW96511.1,EAW96512.1,EAW96513.1,EAW96514.1,ENSG00000133703,ENSP00000256078,ENSP00000308495,ENSP00000379301,ENSP00000385392,ENSP00000451856,ENSP00000452512,ENST00000256078,ENST00000256078.8,ENST00000311936,ENST00000311936.7,ENST00000395977,ENST00000406761,ENST00000556131,ENST00000556131.1,ENST00000557334,ENST00000557334.5,EU332849,G3V4K2,G3V5T7,GTPase KRas,GTPase KRas, N-terminally processed,HGNC:6407,HPA049830,JX512447,K-RAS2A,K-RAS2B,K-RAS4A,K-RAS4B,K-Ras,K-Ras 2,K-Ras_2,K01519,K01520,K03209,K03210,KF459678,KI-RAS,KRAS,KRAS proto-oncogene, GTPase,KRAS-201,KRAS-202,KRAS-203,KRAS-204,KRAS1,KRAS2,Ki-Ras,Kirsten rat sarcoma viral oncogene homolog,L00045,L00046,L00047,L00048,L00049,L7RSL8,LRG_344,M25876,M30539,M34904,M54968,NM_001369786,NM_001369786.1,NM_001369787,NM_001369787.1,NM_004985,NM_004985.4,NM_004985.5,NM_033360,NM_033360.3,NM_033360.4,NP_001356715,NP_001356715.1,NP_001356716,NP_001356716.1,NP_004976,NP_004976.2,NP_203524,NP_203524.1,NS,NS3,NX_P01116,OES,OMIM:190070,OTTHUMG00000171193,P01116,P01118,Q96D10,R-HSA-109582,R-HSA-112314,R-HSA-112315,R-HSA-112316,R-HSA-112399,R-HSA-112412,R-HSA-1168372,R-HSA-1169092,R-HSA-1226099,R-HSA-1227986,R-HSA-1236382,R-HSA-1236394,R-HSA-1250196,R-HSA-1250347,R-HSA-1266738,R-HSA-1280215,R-HSA-1280218,R-HSA-1433557,R-HSA-162582,R-HSA-1643685,R-HSA-1643713,R-HSA-166520,R-HSA-167044,R-HSA-168249,R-HSA-168256,R-HSA-171007,R-HSA-177929,R-HSA-179812,R-HSA-180336,R-HSA-186763,R-HSA-186797,R-HSA-187037,R-HSA-187687,R-HSA-190236,R-HSA-194138,R-HSA-195721,R-HSA-1963640,R-HSA-202733,R-HSA-210993,R-HSA-212436,R-HSA-2172127,R-HSA-2179392,R-HSA-2404192,R-HSA-2424491,R-HSA-2428924,R-HSA-2428928,R-HSA-2428933,R-HSA-2454202,R-HSA-2871796,R-HSA-372790,R-HSA-375165,R-HSA-3858494,R-HSA-388396,R-HSA-4086398,R-HSA-416476,R-HSA-422475,R-HSA-438064,R-HSA-4420097,R-HSA-442742,R-HSA-442755,R-HSA-442982,R-HSA-5218921,R-HSA-5621481,R-HSA-5621575,R-HSA-5637810,R-HSA-5637812,R-HSA-5637815,R-HSA-5654687,R-HSA-5654688,R-HSA-5654693,R-HSA-5654696,R-HSA-5654699,R-HSA-5654700,R-HSA-5654704,R-HSA-5654706,R-HSA-5654708,R-HSA-5654712,R-HSA-5654716,R-HSA-5654719,R-HSA-5654736,R-HSA-5654738,R-HSA-5654741,R-HSA-5654743,R-HSA-5655253,R-HSA-5655291,R-HSA-5655302,R-HSA-5655332,R-HSA-5658442,R-HSA-5663202,R-HSA-5673000,R-HSA-5673001,R-HSA-5674135,R-HSA-5675221,R-HSA-5683057,R-HSA-5684996,R-HSA-6802946,R-HSA-6802948,R-HSA-6802949,R-HSA-6802952,R-HSA-6802953,R-HSA-6802955,R-HSA-6802957,R-HSA-6806834,R-HSA-73857,R-HSA-74160,R-HSA-74751,R-HSA-74752,R-HSA-881907,R-HSA-8848021,R-HSA-8849471,R-HSA-8851805,R-HSA-8853334,R-HSA-8853338,R-HSA-8878159,R-HSA-8939211,R-HSA-8951936,R-HSA-9006115,R-HSA-9006335,R-HSA-9006927,R-HSA-9006931,R-HSA-9006934,R-HSA-9009391,R-HSA-9026519,R-HSA-9027284,R-HSA-9028731,R-HSA-9034015,R-HSA-9034864,R-HSA-9607240,R-HSA-9634635,R-HSA-9649913,R-HSA-9649948,R-HSA-983705,RALD,RASK2,RASK_HUMAN,UPI0000001252,UPI0000133132,UPI00001FB7B5,UPI00021CF477,X01669,X02825,XM_006719069.3,XM_011520653.2,XP_006719132.1,XP_011518955.1,c-K-ras,c-Ki-ras,c-Ki-ras2,hsa:3845,uc001rgp.3
MAP2K1	9606.ENSP00000302486	Dual specificity mitogen-activated protein kinase kinase 1; Dual specificity protein kinase which acts as an essential component of the MAP kinase signal transduction pathway. Binding of extracellular ligands such as growth factors, cytokines and hormones to their cell-surface receptors activates RAS and this initiates RAF1 activation. RAF1 then further activates the dual-specificity protein kinases MAP2K1/MEK1 and MAP2K2/MEK2. Both MAP2K1/MEK1 and MAP2K2/MEK2 function specifically in the MAPK/ERK cascade, and catalyze the concomitant phosphorylation of a threonine and a tyrosine resid [...] 	https://smart.embl.de/smart/DDvec.cgi?smart=393:S_TKc(68|361)+	1S9J,2.7.12.2,2P55,3DV3,3DY7,3E8N,3EQB,3EQC,3EQD,3EQF,3EQG,3EQH,3EQI,3MBL,3ORN,3OS3,3PP1,3SLS,3V01,3V04,3VVH,3W8Q,3WIG,3ZLS,3ZLW,3ZLX,3ZLY,3ZM4,4AN2,4AN3,4AN9,4ANB,4ARK,4LMN,4MNE,4U7Z,4U80,4U81,5604,5BX0,5EYM,5HZE,5YT3,6NYB,6PP9,6Q0J,6Q0T,6U2G,A4QPA9,AAA36318.1,AAI37460.1,AAI39730.1,AC011276,AC055855,AC116913,AK291500,BAF84189.1,BC137459,BC139729,CAB003834,CCDS10216,CCDS10216.1,CFC3,CH471082,CHEMBL3587,EAW77765.1,EC 2.7.12.2,ENSG00000169032,ENSP00000302486,ENSP00000400158,ENSP00000456438,ENST00000307102,ENST00000307102.9,ENST00000425818,ENST00000425818.2,ENST00000566326,ENST00000566326.1,ERK activator kinase 1,H3BRW9,HGNC:6840,HPA026430,L05624,L11284,LRG_725,LRG_725t1,MAP kinase kinase 1,MAP2K1,MAP2K1-201,MAP2K1-202,MAP2K1-203,MAPK/ERK kinase 1,MAPKK 1,MAPKK1,MEK 1,MEK1,MEL,MKK1,MP2K1_HUMAN,Mitogen-activated protein kinase kinase 1,NM_002755,NM_002755.3,NP_002746,NP_002746.1,NX_Q02750,OMIM:176872,OTTHUMG00000133196,PRKMK1,Q02750,R-HSA-110056,R-HSA-112409,R-HSA-1266738,R-HSA-1280215,R-HSA-162582,R-HSA-1643685,R-HSA-166016,R-HSA-166058,R-HSA-166166,R-HSA-166520,R-HSA-168138,R-HSA-168142,R-HSA-168164,R-HSA-168176,R-HSA-168179,R-HSA-168181,R-HSA-168188,R-HSA-168249,R-HSA-168256,R-HSA-168898,R-HSA-169893,R-HSA-170968,R-HSA-181438,R-HSA-187037,R-HSA-187687,R-HSA-373760,R-HSA-422475,R-HSA-445144,R-HSA-446652,R-HSA-448424,R-HSA-449147,R-HSA-450294,R-HSA-5210891,R-HSA-5339562,R-HSA-5663202,R-HSA-5663205,R-HSA-5673000,R-HSA-5673001,R-HSA-5674135,R-HSA-5674499,R-HSA-5675221,R-HSA-5683057,R-HSA-5684264,R-HSA-5684996,R-HSA-6802946,R-HSA-6802948,R-HSA-6802949,R-HSA-6802952,R-HSA-6802955,R-HSA-6802957,R-HSA-9006934,R-HSA-9020702,R-HSA-937061,R-HSA-9607240,R-HSA-9649948,R-HSA-975138,R-HSA-975155,R-HSA-975871,UPI000013EBC9,UPI0000E020B3,XM_011521783,XM_011521783.3,XM_017022411,XM_017022411.1,XM_017022411.2,XM_017022412,XM_017022412.1,XM_017022413,XM_017022413.1,XP_011520085,XP_011520085.1,XP_016877900,XP_016877900.1,XP_016877901,XP_016877901.1,XP_016877902,XP_016877902.1,hsa:5604,mitogen-activated protein kinase kinase 1,uc010bhq.4
MAP2K2	9606.ENSP00000262948	Dual specificity mitogen-activated protein kinase kinase 2; Catalyzes the concomitant phosphorylation of a threonine and a tyrosine residue in a Thr-Glu-Tyr sequence located in MAP kinases. Activates the ERK1 and ERK2 MAP kinases (By similarity). Activates BRAF in a KSR1 or KSR2-dependent manner; by binding to KSR1 or KSR2 releases the inhibitory intramolecular interaction between KSR1 or KSR2 protein kinase and N-terminal domains which promotes KSR1 or KSR2-BRAF dimerization and BRAF activation.	https://smart.embl.de/smart/DDvec.cgi?smart=400:S_TKc(72|369)+	1S9I,2.7.12.2,4H3Q,5605,AAH00471.1,AAH18645.1,AC016586,BC000471,BC018645,CAB003835,CCDS12120,CCDS12120.1,CFC4,CH471139,CHEMBL2964,EAW69263.1,EC 2.7.12.2,ENSG00000126934,ENSP00000262948,ENSP00000378336,ENSP00000401387,ENSP00000471763,ENST00000262948,ENST00000262948.9,ENST00000394867,ENST00000394867.8,ENST00000443189,ENST00000593364,ENST00000593364.5,ENST00000595715,ENST00000595715.1,ENST00000597008,ENST00000597008.5,ENST00000597263,ENST00000597263.5,ENST00000599021,ENST00000599021.1,ENST00000599345,ENST00000599345.1,ENST00000600584,ENST00000600584.5,ENST00000601786,ENST00000601786.5,ENST00000602167,ENST00000602167.5,ERK activator kinase 2,G5E9C7,HGNC:6842,HPA051993,KF511270,L11285,LRG_750,LRG_750t1,M0R1B6,MAP kinase kinase 2,MAP2K2,MAP2K2-201,MAP2K2-202,MAP2K2-203,MAP2K2-204,MAP2K2-205,MAP2K2-206,MAP2K2-207,MAP2K2-208,MAP2K2-209,MAP2K2-210,MAP2K2-211,MAPK/ERK kinase 2,MAPKK 2,MAPKK2,MEK 2,MEK2,MKK2,MP2K2_HUMAN,Mitogen-activated protein kinase kinase 2,NM_030662,NM_030662.3,NP_109587,NP_109587.1,NX_P36507,OMIM:601263,OTTHUMG00000134286,P36507,PRKMK2,R-HSA-112409,R-HSA-112411,R-HSA-1266738,R-HSA-1280215,R-HSA-162582,R-HSA-1643685,R-HSA-166520,R-HSA-168256,R-HSA-169893,R-HSA-170968,R-HSA-187037,R-HSA-187687,R-HSA-373760,R-HSA-422475,R-HSA-445144,R-HSA-5210891,R-HSA-5339562,R-HSA-5663202,R-HSA-5663205,R-HSA-5673000,R-HSA-5673001,R-HSA-5674135,R-HSA-5674499,R-HSA-5675221,R-HSA-5683057,R-HSA-5684996,R-HSA-6802946,R-HSA-6802948,R-HSA-6802949,R-HSA-6802952,R-HSA-6802955,R-HSA-6802957,R-HSA-9006934,R-HSA-9607240,R-HSA-9649948,UPI000012F489,UPI0000E5A192,UPI0002A474C6,URS00008C3B05,URS00008C4051,URS0000D6E9AB,XM_006722799,XM_006722799.2,XM_017026989,XM_017026989.1,XP_006722862,XP_006722862.1,XP_016882478,XP_016882478.1,hsa:5605,mitogen-activated protein kinase kinase 2,uc002lzk.4
MAPK1	9606.ENSP00000215832	Mitogen-activated protein kinase 1; Serine/threonine kinase which acts as an essential component of the MAP kinase signal transduction pathway. MAPK1/ERK2 and MAPK3/ERK1 are the 2 MAPKs which play an important role in the MAPK/ERK cascade. They participate also in a signaling cascade initiated by activated KIT and KITLG/SCF. Depending on the cellular context, the MAPK/ERK cascade mediates diverse biological functions such as cell growth, adhesion, survival and differentiation through the regulation of transcription, translation, cytoskeletal rearrangements. The MAPK/ERK cascade plays a [...] 	https://smart.embl.de/smart/DDvec.cgi?smart=360:S_TKc(25|313)+	1PME,1TVO,1WZY,2.7.11.1,2.7.11.24,2OJG,2OJI,2OJJ,2Y9Q,3D42,3D44,3I5Z,3I60,3SA0,3TEI,3W55,4FMQ,4FUX,4FUY,4FV0,4FV1,4FV2,4FV3,4FV4,4FV5,4FV6,4FV7,4FV8,4FV9,4G6N,4G6O,4H3P,4H3Q,4IZ5,4IZ7,4IZA,4N0S,4NIF,4O6E,4QP1,4QP2,4QP3,4QP4,4QP6,4QP7,4QP8,4QP9,4QPA,4QTA,4QTE,4XJ0,4ZXT,4ZZM,4ZZN,4ZZO,5594,5AX3,5BUE,5BUI,5BUJ,5BVD,5BVE,5BVF,5K4I,5LCJ,5LCK,5NGU,5NHF,5NHH,5NHJ,5NHL,5NHO,5NHP,5NHV,5V60,5V61,5V62,5WP1,6D5Y,6DMG,6G54,6G8X,6G91,6G92,6G93,6G97,6G9A,6G9D,6G9H,6G9J,6G9K,6G9M,6G9N,6GDM,6GDQ,6GE0,6GJB,6GJD,6NBS,6OPG,6OPH,6OPI,6Q7K,6Q7S,6Q7T,6QA1,6QA3,6QA4,6QAG,6QAH,6QAL,6QAQ,6QAW,6SLG,A8CZ64,AAA58459.1,AAH17832.1,ABD60303.1,ABF47102.1,ABY87541.1,AGC09596.1,AP000553,AP000554,AP000555,BC017832,CAA77752.1,CAA77753.1,CAB004229,CCDS13795,CCDS13795.1,CH471095,CHEMBL4040,DQ399292,DQ508104,EAW59479.1,EAW59480.1,EAW59481.1,EAW59482.1,EC 2.7.11.1,EC 2.7.11.24,ENSG00000100030,ENSP00000215832,ENSP00000316795,ENSP00000381803,ENSP00000409149,ENSP00000440842,ENST00000215832,ENST00000215832.10,ENST00000319115,ENST00000398822,ENST00000398822.7,ENST00000415911,ENST00000491588,ENST00000491588.1,ENST00000544786,ENST00000544786.1,ERK,ERK-2,ERK2,ERT1,EU332852,Extracellular signal-regulated kinase 2,HGNC:6871,HPA003995,HPA005700,HPA030069,JX512449,LRG_786,LRG_786t1,LRG_786t2,M84489,MAP kinase 1,MAP kinase 2,MAP kinase isoform p42,MAPK 1,MAPK 2,MAPK1,MAPK1-201,MAPK1-202,MAPK1-203,MAPK1-204,MAPK2,MK01_HUMAN,Mitogen-activated protein kinase 1,Mitogen-activated protein kinase 1/3,Mitogen-activated protein kinase 2,NM_002745,NM_002745.4,NM_138957,NM_138957.3,NP_002736,NP_002736.3,NP_620407,NP_620407.1,NX_P28482,OMIM:176948,OTTHUMG00000030508,P28482,P42MAPK,PRKM1,PRKM2,Q1HBJ4,R-HSA-109581,R-HSA-109582,R-HSA-109606,R-HSA-111458,R-HSA-111461,R-HSA-111471,R-HSA-111885,R-HSA-111995,R-HSA-111996,R-HSA-112040,R-HSA-112043,R-HSA-112314,R-HSA-112315,R-HSA-112316,R-HSA-112409,R-HSA-112411,R-HSA-1257604,R-HSA-1266738,R-HSA-1280215,R-HSA-1295596,R-HSA-162582,R-HSA-162658,R-HSA-1640170,R-HSA-1643685,R-HSA-166016,R-HSA-166058,R-HSA-166166,R-HSA-166520,R-HSA-168138,R-HSA-168142,R-HSA-168164,R-HSA-168176,R-HSA-168179,R-HSA-168181,R-HSA-168188,R-HSA-168249,R-HSA-168256,R-HSA-168898,R-HSA-169893,R-HSA-170968,R-HSA-181438,R-HSA-187037,R-HSA-187687,R-HSA-190236,R-HSA-194315,R-HSA-195258,R-HSA-198725,R-HSA-198753,R-HSA-199418,R-HSA-202670,R-HSA-2029480,R-HSA-2029482,R-HSA-212436,R-HSA-2262752,R-HSA-2454202,R-HSA-2559580,R-HSA-2559582,R-HSA-2559583,R-HSA-2559585,R-HSA-2871796,R-HSA-3371453,R-HSA-3371556,R-HSA-372790,R-HSA-373760,R-HSA-375165,R-HSA-388396,R-HSA-416476,R-HSA-418594,R-HSA-422475,R-HSA-437239,R-HSA-438064,R-HSA-442742,R-HSA-442755,R-HSA-444257,R-HSA-445144,R-HSA-448424,R-HSA-449147,R-HSA-450282,R-HSA-450294,R-HSA-450341,R-HSA-456926,R-HSA-5357801,R-HSA-5654726,R-HSA-5654727,R-HSA-5654732,R-HSA-5654733,R-HSA-5654736,R-HSA-5654738,R-HSA-5654741,R-HSA-5654743,R-HSA-5663202,R-HSA-5663213,R-HSA-5668599,R-HSA-5673001,R-HSA-5674135,R-HSA-5674499,R-HSA-5675221,R-HSA-5683057,R-HSA-5684996,R-HSA-6798695,R-HSA-6802946,R-HSA-6802948,R-HSA-6802949,R-HSA-6802952,R-HSA-6802955,R-HSA-6802957,R-HSA-6807070,R-HSA-6811558,R-HSA-68875,R-HSA-68886,R-HSA-69278,R-HSA-73857,R-HSA-74160,R-HSA-74749,R-HSA-74751,R-HSA-74752,R-HSA-76002,R-HSA-879415,R-HSA-881907,R-HSA-8878166,R-HSA-8939211,R-HSA-8940973,R-HSA-8941326,R-HSA-8943724,R-HSA-8953897,R-HSA-9006925,R-HSA-9006931,R-HSA-9006934,R-HSA-9009391,R-HSA-937061,R-HSA-9607240,R-HSA-9627069,R-HSA-9634635,R-HSA-9634638,R-HSA-9649948,R-HSA-975138,R-HSA-975155,R-HSA-975871,R-HSA-982772,UPI000000104F,UPI00005A4AF1,URS0000CE75F4,Z11694,Z11695,hsa:5594,mitogen-activated protein kinase 1,p38,p40,p41,p41mapk,p42-MAPK,uc002zvn.4,uc010gtk.2
MAPK3	9606.ENSP00000263025	Mitogen-activated protein kinase 3; Serine/threonine kinase which acts as an essential component of the MAP kinase signal transduction pathway. MAPK1/ERK2 and MAPK3/ERK1 are the 2 MAPKs which play an important role in the MAPK/ERK cascade. They participate also in a signaling cascade initiated by activated KIT and KITLG/SCF. Depending on the cellular context, the MAPK/ERK cascade mediates diverse biological functions such as cell growth, adhesion, survival and differentiation through the regulation of transcription, translation, cytoskeletal rearrangements. The MAPK/ERK cascade plays a [...] 	https://smart.embl.de/smart/DDvec.cgi?smart=379:S_TKc(42|330)+	2.7.11.1,2.7.11.24,2ZOQ,4QTB,5595,6GES,A8CZ58,AAA36142.1,AAH13992.1,AAK52329.1,ABD60302.1,ABY87542.1,AC012645,AGC09597.1,AHW56518.1,AK091009,AY033607,B0LPG3,B3KR49,BAG52261.1,BC013992,CAA42744.1,CAA77754.1,CAB002683,CCDS10672,CCDS10672.1,CCDS42148,CCDS42148.1,CCDS42149,CCDS42149.1,CH471238,CHEMBL3385,DQ399291,E9PBK7,E9PJF0,E9PQW4,E9PRH7,EAW79912.1,EAW79913.1,EAW79915.1,EAW79916.1,EC 2.7.11.1,EC 2.7.11.24,ENSG00000102882,ENSP00000263025,ENSP00000327293,ENSP00000378625,ENSP00000378626,ENSP00000378628,ENSP00000384895,ENSP00000432292,ENSP00000432479,ENSP00000432742,ENSP00000433169,ENSP00000433639,ENSP00000433746,ENSP00000433894,ENSP00000436772,ENST00000263025,ENST00000263025.8,ENST00000322266,ENST00000322266.9,ENST00000395199,ENST00000395199.7,ENST00000395200,ENST00000395200.5,ENST00000395202,ENST00000395202.5,ENST00000403394,ENST00000461737,ENST00000461737.5,ENST00000466521,ENST00000466521.5,ENST00000473431,ENST00000473431.1,ENST00000478356,ENST00000478356.5,ENST00000481230,ENST00000481230.1,ENST00000483869,ENST00000483869.1,ENST00000484663,ENST00000484663.5,ENST00000485579,ENST00000485579.1,ENST00000490298,ENST00000490298.5,ENST00000494643,ENST00000494643.1,ENST00000495629,ERK-1,ERK1,ERT2,EU332853,Extracellular signal-regulated kinase 1,H0YDH9,H0YEX6,HGNC:6877,HPA003995,HPA005700,HPA030069,HS44KDAP,HUMKER1A,Insulin-stimulated MAP2 kinase,JX512450,KJ534878,L7RXH5,M84490,MAP kinase 3,MAP kinase isoform p44,MAPK 3,MAPK3,MAPK3-201,MAPK3-202,MAPK3-203,MAPK3-204,MAPK3-205,MAPK3-206,MAPK3-207,MAPK3-208,MAPK3-209,MAPK3-210,MAPK3-211,MAPK3-212,MAPK3-213,MAPK3-214,MAPK3-215,MK03_HUMAN,Microtubule-associated protein 2 kinase,Mitogen-activated protein kinase 1/3,Mitogen-activated protein kinase 3,NM_001040056,NM_001040056.2,NM_001040056.3,NM_001109891,NM_001109891.1,NM_002746,NM_002746.2,NM_002746.3,NP_001035145,NP_001035145.1,NP_001103361,NP_001103361.1,NP_002737,NP_002737.2,NX_P27361,OMIM:601795,OTTHUMG00000132149,P27361,P44ERK1,P44MAPK,PRKM3,Q8NHX1,R-HSA-109581,R-HSA-109582,R-HSA-109606,R-HSA-110056,R-HSA-111458,R-HSA-111461,R-HSA-111471,R-HSA-112314,R-HSA-112315,R-HSA-112316,R-HSA-112409,R-HSA-1169408,R-HSA-1169410,R-HSA-1257604,R-HSA-1266738,R-HSA-1280215,R-HSA-1295596,R-HSA-162582,R-HSA-162658,R-HSA-1640170,R-HSA-1643685,R-HSA-166016,R-HSA-166058,R-HSA-166166,R-HSA-166520,R-HSA-168138,R-HSA-168142,R-HSA-168164,R-HSA-168176,R-HSA-168179,R-HSA-168181,R-HSA-168188,R-HSA-168249,R-HSA-168256,R-HSA-168898,R-HSA-169893,R-HSA-170968,R-HSA-181438,R-HSA-187037,R-HSA-187687,R-HSA-190236,R-HSA-194315,R-HSA-195258,R-HSA-198725,R-HSA-198753,R-HSA-199418,R-HSA-202670,R-HSA-2029480,R-HSA-2029482,R-HSA-212436,R-HSA-2262752,R-HSA-2454202,R-HSA-2559580,R-HSA-2559582,R-HSA-2559583,R-HSA-2559585,R-HSA-2871796,R-HSA-3371453,R-HSA-3371556,R-HSA-372790,R-HSA-373760,R-HSA-375165,R-HSA-388396,R-HSA-416476,R-HSA-422475,R-HSA-438064,R-HSA-442742,R-HSA-442755,R-HSA-444257,R-HSA-445144,R-HSA-448424,R-HSA-449147,R-HSA-450282,R-HSA-450294,R-HSA-450341,R-HSA-456926,R-HSA-5357801,R-HSA-5654726,R-HSA-5654727,R-HSA-5654732,R-HSA-5654733,R-HSA-5654736,R-HSA-5654738,R-HSA-5654741,R-HSA-5654743,R-HSA-5663202,R-HSA-5663213,R-HSA-5668599,R-HSA-5673001,R-HSA-5674135,R-HSA-5674499,R-HSA-5675221,R-HSA-5683057,R-HSA-5684996,R-HSA-6802946,R-HSA-6802948,R-HSA-6802949,R-HSA-6802952,R-HSA-6802955,R-HSA-6802957,R-HSA-6807070,R-HSA-6811558,R-HSA-68875,R-HSA-68886,R-HSA-69278,R-HSA-73728,R-HSA-73854,R-HSA-73857,R-HSA-73864,R-HSA-74160,R-HSA-74749,R-HSA-74751,R-HSA-74752,R-HSA-76002,R-HSA-879415,R-HSA-881907,R-HSA-8878166,R-HSA-8939211,R-HSA-8940973,R-HSA-8941326,R-HSA-8943724,R-HSA-8953897,R-HSA-9006925,R-HSA-9006931,R-HSA-9006934,R-HSA-9009391,R-HSA-913531,R-HSA-937061,R-HSA-9607240,R-HSA-9627069,R-HSA-9634638,R-HSA-9649948,R-HSA-975138,R-HSA-975155,R-HSA-975871,R-HSA-982772,UPI0000000DD7,UPI0000140DA1,UPI0000D4CAE9,UPI0000D4D42F,UPI0000D579B4,UPI0000E59D7D,UPI0000E59D80,UPI0001F77D9F,UPI0001F77DA0,UPI0002466FDD,URS00008BB8D3,URS0000D4621D,URS0000D6E297,X60188,XR_243293,XR_243293.1,Z11696,hsa:5595,mitogen-activated protein kinase 3,p44-ERK1,p44-MAPK,p44erk1,p44mapk,uc002dws.4
MDM2	9606.ENSP00000258149	E3 ubiquitin-protein ligase Mdm2; E3 ubiquitin-protein ligase that mediates ubiquitination of p53/TP53, leading to its degradation by the proteasome. Inhibits p53/TP53- and p73/TP73-mediated cell cycle arrest and apoptosis by binding its transcriptional activation domain. Also acts as a ubiquitin ligase E3 toward itself and ARRB1. Permits the nuclear export of p53/TP53. Promotes proteasome-dependent ubiquitin-independent degradation of retinoblastoma RB1 protein. Inhibits DAXX-mediated apoptosis by inducing its ubiquitination and degradation. Component of the TRIM28/KAP1-MDM2-p53/TP53  [...] 	https://smart.embl.de/smart/DDvec.cgi?smart=497:Pfam_SWIB(32|107)+Pfam_zf-RanBP(305|334)+RING(444|484)+	1RV1,1T4E,1T4F,1YCR,1Z1M,2.3.2.27,2AXI,2C6A,2C6B,2F1Y,2FOP,2GV2,2HDP,2LZG,2M86,2MPS,2RUH,2VJE,2VJF,3EQS,3G03,3IUX,3IWY,3JZK,3JZR,3JZS,3LBK,3LBL,3LNJ,3LNZ,3MQS,3TJ2,3TPX,3TU1,3V3B,3VBG,3VZV,3W69,4193,4DIJ,4ERE,4ERF,4HBM,4HFZ,4HG7,4JV7,4JV9,4JVE,4JVR,4JWR,4MDN,4MDQ,4OAS,4OBA,4OCC,4ODE,4ODF,4OGN,4OGT,4OGV,4OQ3,4QO4,4QOC,4UD7,4UE1,4UMN,4WT2,4XXB,4ZFI,4ZGK,4ZYC,4ZYF,4ZYI,5AFG,5C5A,5HMH,5HMI,5HMK,5J7F,5J7G,5LAV,5LAW,5LAY,5LAZ,5LN2,5MNJ,5OAI,5OC8,5SWK,5TRF,5UMM,5VK0,5WTS,5XXK,5Z02,5ZXF,6AAW,6GGN,6H22,6I29,6I3S,6IM9,6KZU,6Q96,6Q9H,6Q9L,6Q9O,A0A0A8K981,A0A0A8K986,A0A0A8K9A9,A0A0A8K9F1,A0A0A8KB88,A0A0A8KBA1,A0A0C4DFR5,A0A1B0GXJ6,A6NL51,A7UKX8,A7UKY0,A8K2S6,AAA60568.1,AAA75514.1,AAA75515.1,AAA75516.1,AAA75517.1,AAA75518.1,AAA82061.1,AAA82237.1,AAF42995.1,AAL13242.1,AAL40179.1,AAL40180.1,AAM78554.1,AAP35922.1,ABT17084.1,AC025423,ACTFS,AF092844,AF092845,AF201370,AF385322,AF527840,AJ251943,AJ278975,AJ278977,AJ430612,AK290341,AM902642,AM902643,AM902644,AM902648,AM902649,AM902661,AM902664,AM902665,AM902666,AM902670,AM902674,AM902675,AM902677,AM902679,AM902681,BAF83030.1,BC009893,BT007258,CAA78055.1,CAB000086,CAB016303,CAB64448.1,CAC07809.1,CAC07811.1,CAD23251.1,CAP16704.1,CAP16705.1,CAP16706.1,CAP16710.1,CAP16711.1,CAP16723.1,CAP16726.1,CAP16727.1,CAP16728.1,CAP16732.1,CAP16736.1,CAP16737.1,CAP16739.1,CAP16741.1,CAP16743.1,CCDS61189,CCDS61189.1,CCDS8986,CCDS8986.2,CH471054,CHEMBL5023,Double minute 2 protein,E3 ubiquitin-protein ligase Mdm2,E5RHE2,E5RJQ0,E7EMW5,E7EPE2,EAW97207.1,EC 2.3.2.27,ENSG00000135679,ENSP00000258147,ENSP00000258148,ENSP00000258149,ENSP00000258150,ENSP00000266624,ENSP00000299252,ENSP00000308914,ENSP00000310018,ENSP00000310089,ENSP00000310742,ENSP00000310964,ENSP00000311216,ENSP00000311302,ENSP00000311625,ENSP00000312619,ENSP00000335096,ENSP00000340649,ENSP00000348637,ENSP00000351270,ENSP00000353611,ENSP00000377062,ENSP00000377063,ENSP00000377064,ENSP00000377065,ENSP00000377067,ENSP00000377068,ENSP00000377069,ENSP00000410694,ENSP00000417281,ENSP00000427828,ENSP00000429021,ENSP00000429692,ENSP00000430257,ENSP00000430906,ENSP00000431110,ENSP00000439238,ENSP00000440932,ENSP00000441841,ENSP00000443274,ENSP00000443450,ENSP00000444028,ENSP00000444430,ENSP00000444566,ENSP00000444597,ENSP00000445030,ENSP00000445222,ENSP00000499407,ENSP00000499718,ENSP00000499763,ENST00000258147,ENST00000258148,ENST00000258148.11,ENST00000258149,ENST00000258149.9,ENST00000258150,ENST00000266624,ENST00000299252,ENST00000299252.8,ENST00000311389,ENST00000311396,ENST00000311404,ENST00000311420,ENST00000311420.13,ENST00000311431,ENST00000311440,ENST00000311448,ENST00000311454,ENST00000311696,ENST00000335114,ENST00000348801,ENST00000348801.6,ENST00000350057,ENST00000350057.9,ENST00000350556,ENST00000351893,ENST00000353707,ENST00000356290,ENST00000358483,ENST00000360430,ENST00000360430.6,ENST00000393410,ENST00000393410.5,ENST00000393411,ENST00000393412,ENST00000393412.7,ENST00000393413,ENST00000393413.7,ENST00000393415,ENST00000393415.7,ENST00000393416,ENST00000393417,ENST00000393417.7,ENST00000400501,ENST00000400501.2,ENST00000428863,ENST00000428863.6,ENST00000462284,ENST00000471946,ENST00000471946.1,ENST00000478070,ENST00000478070.1,ENST00000481186,ENST00000481186.5,ENST00000493419,ENST00000493419.1,ENST00000496959,ENST00000496959.5,ENST00000517852,ENST00000517852.5,ENST00000523991,ENST00000523991.5,ENST00000536089,ENST00000536089.5,ENST00000537182,ENST00000537182.5,ENST00000539479,ENST00000539479.6,ENST00000540352,ENST00000540352.5,ENST00000540709,ENST00000540709.1,ENST00000540827,ENST00000542502,ENST00000542502.5,ENST00000543046,ENST00000543046.1,ENST00000543323,ENST00000543323.5,ENST00000544125,ENST00000544125.1,ENST00000544561,ENST00000544648,ENST00000545204,ENST00000546048,ENST00000546048.5,ENST00000665020,ENST00000666617,ENST00000671567,EU076747,F5GWH7,F5GZB0,F5GZC3,F5H1M7,F5H4Q8,G3XA89,HDM2,HDMX,HGNC:6973,Hdm2,J3KN53,J3QST1,LSKB,M92424,MDM2,MDM2 proto-oncogene,MDM2 proto-oncogene, E3 ubiquitin protein ligase,MDM2-201,MDM2-202,MDM2-203,MDM2-204,MDM2-205,MDM2-206,MDM2-207,MDM2-208,MDM2-209,MDM2-210,MDM2-211,MDM2-212,MDM2-213,MDM2-214,MDM2-215,MDM2-216,MDM2-217,MDM2-218,MDM2-219,MDM2-220,MDM2-221,MDM2-222,MDM2-223,MDM2-224,MDM2-225,MDM2-226,MDM2-227,MDM2-228,MDM2-229,MDM2-230,MDM2-231,MDM2-232,MDM2-233,MDM2-234,MDM2-235,MDM2-236,MDM2-237,MDM2_HUMAN,MGC5370,Mdm2 p53 binding protein homolog (mouse),NM_001145337,NM_001145337.3,NM_001145339,NM_001145339.2,NM_001145340,NM_001145340.3,NM_001278462,NM_001278462.1,NM_001278462.2,NM_001367990,NM_001367990.1,NM_002392,NM_002392.5,NP_001138809,NP_001138809.1,NP_001138811,NP_001138811.1,NP_001138812,NP_001138812.1,NP_001265391,NP_001265391.1,NP_001354919,NP_001354919.1,NP_002383,NP_002383.2,NX_Q00987,OMIM:164785,OTTHUMG00000142827,Oncoprotein Mdm2,Q00987,Q13226,Q13297,Q13298,Q13299,Q13300,Q13301,Q53XW0,Q71TW9,Q8NDW1,Q8TE47,Q8WYJ1,Q8WYJ2,Q96DS5,Q9H4C3,Q9H4C5,Q9UGI3,Q9UMT8,R-HSA-112314,R-HSA-112315,R-HSA-112316,R-HSA-1257604,R-HSA-162582,R-HSA-1640170,R-HSA-1643685,R-HSA-198323,R-HSA-212436,R-HSA-2219528,R-HSA-2262752,R-HSA-2559580,R-HSA-2559583,R-HSA-2559585,R-HSA-2990846,R-HSA-3108232,R-HSA-3232118,R-HSA-3232142,R-HSA-3700989,R-HSA-392499,R-HSA-399719,R-HSA-399721,R-HSA-5633007,R-HSA-5663202,R-HSA-5674400,R-HSA-5688426,R-HSA-5689880,R-HSA-597592,R-HSA-6804756,R-HSA-6804757,R-HSA-6804760,R-HSA-6806003,R-HSA-69541,R-HSA-69563,R-HSA-69580,R-HSA-69615,R-HSA-69620,R-HSA-73857,R-HSA-74160,R-HSA-8878159,R-HSA-8941858,R-HSA-8953897,R-HSA-9006925,RING-type E3 ubiquitin transferase Mdm2,U28935,U33199,U33200,U33201,U33202,U33203,U39736,UPI000002ADC4,UPI000002ADC6,UPI000002ADC7,UPI000002E23E,UPI000006D473,UPI000006D75F,UPI0000073809,UPI0000073DB5,UPI00006CA35C,UPI0000D4876B,UPI0000D4B59E,UPI00015AAB50,UPI0001892DD9,UPI000204ACBB,UPI000204ACBC,UPI000204ACBD,UPI0002B8330F,UPI0003F482C4,UPI0005445816,UPI000544581B,UPI0005445827,UPI0005445829,UPI000544584B,UPI0005445853,UPI0011488362,UPI0011498299,UPI00114AD8C4,UPI00114C1A30,URS00008B29A8,URS00008B55A7,URS00008B9A45,URS00008BDE96,URS0000CD8DFA,XM_005268872.4,XM_006719399,XM_006719399.3,XM_006719399.4,XM_006719400,XM_006719400.4,XP_005268929.1,XP_006719462,XP_006719462.1,XP_006719463,XP_006719463.1,Z12020,hdm2,hsa:4193,p53-binding protein Mdm2,uc001sui.6
MECOM	9606.ENSP00000264674	Histone-lysine N-methyltransferase MECOM; [Isoform 1]: Functions as a transcriptional regulator binding to DNA sequences in the promoter region of target genes and regulating positively or negatively their expression. Oncogene which plays a role in development, cell proliferation and differentiation. May also play a role in apoptosis through regulation of the JNK and TGF-beta signaling. Involved in hematopoiesis.	https://smart.embl.de/smart/DDvec.cgi?smart=1116:ZnF_C2H2(85|105)+ZnF_C2H2(139|161)+ZnF_C2H2(167|189)+ZnF_C2H2(195|219)+ZnF_C2H2(225|247)+ZnF_C2H2(253|275)+ZnF_C2H2(282|309)+ZnF_C2H2(798|820)+ZnF_C2H2(826|849)+ZnF_C2H2(855|877)+	2.1.1.-,2122,6BW3,A0A0C3SFZ7,A0A1B0GXI8,A1L4F3,A8KA00,AAB05839.1,AAB05840.1,AAB29907.1,AAB37456.1,AAH31019.1,AAH69498.1,AAI30521.1,AAI43952.1,AAI43953.1,AC007849,AC024099,AC069220,AC074033,AC078985,AF164154,AK292865,AK304098,AML1-EVI-1,B7Z8W7,B7ZLQ3,B7ZLQ4,BAF85554.1,BAH14103.1,BC031019,BC069498,BC130520,BC143951,BC143952,BX640908,BX647613,C9JAK0,C9JU02,CAA38735.1,CAE45952.1,CAG46664.1,CAG46684.1,CAI46086.1,CCDS3205,CCDS3205.1,CCDS54669,CCDS54669.1,CCDS54670,CCDS54670.1,CH471052,CR541866,CR541886,D3DNP7,E7EPY2,E7EQ57,E7ERX0,E7EU48,E7EUL6,E9PGE9,EAW78549.1,EAW78553.1,EAW78556.1,EAW78557.1,ENSG00000085276,ENSP00000264674,ENSP00000264675,ENSP00000320608,ENSP00000328361,ENSP00000340389,ENSP00000376493,ENSP00000376494,ENSP00000394302,ENSP00000402701,ENSP00000417299,ENSP00000417506,ENSP00000417899,ENSP00000417922,ENSP00000418046,ENSP00000418689,ENSP00000418828,ENSP00000419537,ENSP00000419757,ENSP00000419770,ENSP00000419995,ENSP00000420048,ENSP00000420072,ENSP00000420466,ENSP00000486104,ENSP00000498411,ENST00000264674,ENST00000264674.7,ENST00000264675,ENST00000318399,ENST00000329091,ENST00000343372,ENST00000392736,ENST00000392737,ENST00000419148,ENST00000433243,ENST00000433243.6,ENST00000460814,ENST00000460814.5,ENST00000460890,ENST00000460890.5,ENST00000461430,ENST00000461430.1,ENST00000464456,ENST00000464456.5,ENST00000466623,ENST00000466623.1,ENST00000468789,ENST00000468789.5,ENST00000472280,ENST00000472280.5,ENST00000475754,ENST00000475754.5,ENST00000481315,ENST00000481315.1,ENST00000484519,ENST00000484519.5,ENST00000485957,ENST00000485957.1,ENST00000486748,ENST00000486748.1,ENST00000487503,ENST00000487503.5,ENST00000492586,ENST00000492586.1,ENST00000494292,ENST00000494292.5,ENST00000494597,ENST00000494597.5,ENST00000628990,ENST00000628990.2,ENST00000651503,EVI-1,EVI1,Ecotropic virus integration site 1 protein,H9KVD4,HGNC:3498,HPA046537,Histone-lysine N-methyltransferase MECOM,KF457717,KMT8E,MDS1,MDS1 and EVI1 complex locus,MDS1 and EVI1 complex locus protein,MDS1-EVI1,MECOM,MECOM-201,MECOM-202,MECOM-203,MECOM-204,MECOM-205,MECOM-206,MECOM-207,MECOM-208,MECOM-209,MECOM-210,MECOM-211,MECOM-212,MECOM-213,MECOM-214,MECOM-215,MECOM-216,MECOM-217,MECOM-218,MECOM-219,MECOM-220,MECOM_HUMAN,Myelodysplasia syndrome 1 protein,Myelodysplasia syndrome-associated protein 1,NM_001105077,NM_001105077.3,NM_001105078,NM_001105078.3,NM_001105078.4,NM_001163999,NM_001163999.1,NM_001164000,NM_001164000.1,NM_001164000.2,NM_001205194,NM_001205194.1,NM_001205194.2,NM_001366466,NM_001366466.2,NM_001366467,NM_001366467.2,NM_001366468,NM_001366468.2,NM_001366469,NM_001366469.2,NM_001366470,NM_001366470.2,NM_001366471,NM_001366471.2,NM_001366472,NM_001366472.2,NM_001366473,NM_001366473.2,NM_001366474,NM_001366474.2,NM_004991,NM_004991.3,NM_004991.4,NM_005241,NM_005241.3,NP_001098547,NP_001098547.3,NP_001098548,NP_001098548.2,NP_001157471,NP_001157471.1,NP_001157472,NP_001157472.1,NP_001192123,NP_001192123.1,NP_001353395,NP_001353395.1,NP_001353396,NP_001353396.1,NP_001353397,NP_001353397.1,NP_001353398,NP_001353398.1,NP_001353399,NP_001353399.1,NP_001353400,NP_001353400.1,NP_001353401,NP_001353401.1,NP_001353402,NP_001353402.1,NP_001353403,NP_001353403.1,NP_004982,NP_004982.2,NP_005232,NP_005232.2,NX_Q03112,OMIM:165215,OTTHUMG00000158596,PR domain 3,PRDM3,Q03112,Q13465,Q13466,Q16122,Q5HYI1,Q6FH90,Q6MZS6,Q8NEI5,Q99917,R-HSA-1257604,R-HSA-162582,R-HSA-3214841,R-HSA-3247509,R-HSA-4839726,R-HSA-6807070,R-HSA-8943724,R-HSA-9006925,RUSAT2,S69002,S82592,U43292,U43293,UPI000013D551,UPI000017C105,UPI0000ED047E,UPI00015D43FA,UPI000163881A,UPI0001B1A4B3,UPI0001B79784,UPI0001B79785,UPI0001B79786,UPI0001B79787,UPI0001B797A4,UPI0001B797A5,UPI0003F47D42,UPI0003F47E00,URS0000D6E6E5,X54989,XM_005247213,XM_005247213.3,XM_005247214,XM_005247214.3,XM_005247215.3,XM_005247219.2,XM_005247220.2,XM_005247221,XM_005247221.2,XM_005247223.2,XM_005247224,XM_005247224.3,XM_005247225,XM_005247225.4,XM_011512546,XM_011512546.2,XM_017005874,XM_017005874.1,XM_017005875.1,XM_017005876.1,XM_017005877,XM_017005877.1,XP_005247270,XP_005247270.1,XP_005247271,XP_005247271.1,XP_005247272.1,XP_005247276.1,XP_005247277.1,XP_005247278,XP_005247278.1,XP_005247280.1,XP_005247281,XP_005247281.1,XP_005247282,XP_005247282.1,XP_011510848,XP_011510848.1,XP_016861363,XP_016861363.1,XP_016861364.1,XP_016861365.1,XP_016861366,XP_016861366.1,ecotropic viral integration site 1,hsa:2122,myelodysplasia syndrome 1,uc003ffi.3
MYC	9606.ENSP00000478887	Myc proto-oncogene protein; Transcription factor that binds DNA in a non-specific manner, yet also specifically recognizes the core sequence 5'-CAC[GA]TG-3'. Activates the transcription of growth-related genes. Binds to the VEGFA promoter, promoting VEGFA production and subsequent sprouting angiogenesis. Regulator of somatic reprogramming, controls self-renewal of embryonic stem cells. Functions with TAF6L to activate target gene expression through RNA polymerase II pause release (By similarity).	https://smart.embl.de/smart/DDvec.cgi?smart=454:Pfam_Myc_N(16|360)+HLH(375|427)+	1A93,1EE4,1MV0,1NKP,2A93,2OR9,4609,4Y7R,5I4Z,5I50,6C4U,6E16,6E24,6G6J,6G6K,6G6L,A0A024R9L7,A0A087WUS5,A0A087WVR4,A0A0B4J1R1,A0A494C098,A0A494C1T8,A8WFE7,AAA36340.1,AAA59880.1,AAA59881.1,AAA59882.1,AAA59887.1,AAA88090.1,AAA88092.1,AAA88093.1,AAA88094.1,AAH00141.2,AAH00917.2,AAH58901.2,AAO21131.1,AAV38573.1,ABW69847.1,AC103819,AK312883,AY214166,BAA01374.2,BAA01375.1,BAG35731.1,BC000141,BC000917,BC058901,BHLHE39,BK006467,BT019768,CAA23831.1,CAA25015.2,CAA25105.1,CAA25106.1,CAA25288.1,CAB000084,CAB010307,CCDS6359,CCDS6359.2,CCDS87627,CCDS87627.1,CH471060,CHEMBL1250348,Class E basic helix-loop-helix protein 39,D10493,DAA06340.1,EAW92098.1,EAW92099.1,EAW92100.1,EAW92101.1,ENSG00000136997,ENSP00000259523,ENSP00000367207,ENSP00000405312,ENSP00000429441,ENSP00000430226,ENSP00000430235,ENSP00000435324,ENSP00000478887,ENSP00000479618,ENSP00000493139,ENSP00000493145,ENSP00000498442,ENSP00000499105,ENSP00000499182,ENST00000259523,ENST00000259523.10,ENST00000377970,ENST00000377970.6,ENST00000454617,ENST00000517291,ENST00000517291.1,ENST00000520751,ENST00000520751.1,ENST00000524013,ENST00000524013.1,ENST00000528568,ENST00000613283,ENST00000613283.2,ENST00000621592,ENST00000641036,ENST00000641036.1,ENST00000641252,ENST00000641252.1,ENST00000651626,ENST00000652131,ENST00000652288,H0YBG3,H0YBT0,HGNC:7553,HPA055893,HPA066556,J03253,K00534,K00535,K01905,K01906,K02276,L00057,L00058,M13929,M13930,M14206,MRTL,MYC,MYC proto-oncogene, bHLH transcription factor,MYC-201,MYC-202,MYC-203,MYC-204,MYC-205,MYC-206,MYC-207,MYC-208,MYC-209,MYC-210,MYC-211,MYC-212,MYCC,MYC_HUMAN,Myc proto-oncogene protein,NM_001354870,NM_001354870.1,NM_002467,NM_002467.4,NM_002467.6,NP_001341799,NP_001341799.1,NP_002458,NP_002458.2,NX_P01106,OMIM:190080,OTTHUMG00000128475,P01106,P01107,Proto-oncogene c-Myc,Q14026,Q14899,Q16591,R-HSA-1266738,R-HSA-1280215,R-HSA-1362277,R-HSA-1538133,R-HSA-157118,R-HSA-162582,R-HSA-1640170,R-HSA-1643685,R-HSA-168256,R-HSA-170834,R-HSA-195253,R-HSA-195721,R-HSA-1980143,R-HSA-201681,R-HSA-201722,R-HSA-2122947,R-HSA-212436,R-HSA-2173793,R-HSA-2173796,R-HSA-2644602,R-HSA-2644603,R-HSA-2644606,R-HSA-2894858,R-HSA-2894862,R-HSA-3858494,R-HSA-392499,R-HSA-4086398,R-HSA-428359,R-HSA-4411364,R-HSA-449147,R-HSA-453279,R-HSA-4641265,R-HSA-5663202,R-HSA-5683057,R-HSA-5687128,R-HSA-5688426,R-HSA-5689880,R-HSA-597592,R-HSA-6785807,R-HSA-69202,R-HSA-69206,R-HSA-69242,R-HSA-69278,R-HSA-69656,R-HSA-73857,R-HSA-74160,R-HSA-8864260,R-HSA-8866911,R-HSA-8878159,R-HSA-8939211,R-HSA-8951430,R-HSA-8953854,R-HSA-9006931,R-HSA-9006936,R-HSA-9018519,R-HSA-9616222,Transcription factor p64,UPI0000000C1A,UPI000006D15D,UPI0000073F37,UPI000011F868,UPI0000576839,UPI0000D624FF,UPI0001E8F34F,UPI0001E8F350,UPI000BA1B231,UPI00108B0882,V00568,X00196,X00198,X00364,X00676,bHLHe39,c-Myc,hsa:4609,uc064qdj.1,uc064qdk.2
NFKB1	9606.ENSP00000226574	Nuclear factor NF-kappa-B p105 subunit; NF-kappa-B is a pleiotropic transcription factor present in almost all cell types and is the endpoint of a series of signal transduction events that are initiated by a vast array of stimuli related to many biological processes such as inflammation, immunity, differentiation, cell growth, tumorigenesis and apoptosis. NF-kappa-B is a homo- or heterodimeric complex formed by the Rel-like domain- containing proteins RELA/p65, RELB, NFKB1/p105, NFKB1/p50, REL and NFKB2/p52 and the heterodimeric p65-p50 complex appears to be most abundant one. The dime [...] 	https://smart.embl.de/smart/DDvec.cgi?smart=969:Pfam_RHD_DNA_bind(45|243)+IPT(250|351)+ANK(543|573)+ANK(582|611)+ANK(615|644)+ANK(651|680)+ANK(685|715)+ANK(719|748)+DEATH(806|893)+	1MDI,1MDJ,1MDK,1NFI,1SVC,2DBF,2O61,3GUT,4790,A0A024RDJ4,A0A494C157,A0A494C1E9,A8K5Y5,AAA36360.1,AAA36361.1,AAF35232.1,AAH33210.1,AAH51765.1,AAO30127.1,AF213884,AK122850,AK291450,AY223820,B3KVE8,BAF84139.1,BAG53760.1,BC033210,BC051765,CAB004031,CAB94757.1,CAH18336.1,CCDS3657,CCDS3657.1,CCDS54783,CCDS54783.1,CH471057,CHEMBL3251,CR749522,CVID12,D6RC45,D6RDI9,D6RF93,D6RH30,DNA-binding factor KBF1,EAX06135.1,EAX06136.1,EBP-1,ENSG00000109320,ENSP00000226574,ENSP00000378297,ENSP00000420904,ENSP00000423877,ENSP00000424790,ENSP00000424815,ENSP00000426147,ENSP00000469340,ENSP00000498904,ENSP00000499031,ENSP00000499048,ENST00000226574,ENST00000226574.8,ENST00000394820,ENST00000394820.8,ENST00000502367,ENST00000502367.1,ENST00000504044,ENST00000504044.1,ENST00000505458,ENST00000505458.5,ENST00000507079,ENST00000507079.5,ENST00000508584,ENST00000508584.1,ENST00000509165,ENST00000509165.1,ENST00000510638,ENST00000510638.1,ENST00000511926,ENST00000511926.5,ENST00000513803,ENST00000513803.5,ENST00000600343,ENST00000600343.5,ENST00000651197,ENST00000652569,ENST00000652619,HGNC:7794,HPA027305,KBF1,KF457798,LRG_1316,LRG_1316t1,M55643,M58603,NF-kB,NF-kB1,NF-kappa-B1,NF-kappaB,NF-kappabeta,NFKB-p105,NFKB-p50,NFKB1,NFKB1-201,NFKB1-202,NFKB1-203,NFKB1-204,NFKB1-205,NFKB1-206,NFKB1-207,NFKB1-208,NFKB1-209,NFKB1-210,NFKB1-211,NFKB1-212,NFKB1-213,NFKB1-214,NFKB1_HUMAN,NFkappaB,NM_001165412,NM_001165412.1,NM_001165412.2,NM_001319226,NM_001319226.1,NM_001319226.2,NM_003998,NM_003998.3,NM_003998.4,NP_001158884,NP_001158884.1,NP_001306155,NP_001306155.1,NP_003989,NP_003989.2,NX_P19838,Nuclear factor NF-kappa-B p105 subunit,Nuclear factor NF-kappa-B p50 subunit,Nuclear factor kappa B subunit 1,OMIM:164011,OTTHUMG00000161080,P19838,Q68D84,Q86V43,Q8N4X7,Q9NZC0,R-HSA-1168372,R-HSA-1169091,R-HSA-1266738,R-HSA-1280215,R-HSA-1280218,R-HSA-1606322,R-HSA-162582,R-HSA-1643685,R-HSA-166016,R-HSA-166058,R-HSA-166166,R-HSA-168138,R-HSA-168142,R-HSA-168164,R-HSA-168176,R-HSA-168179,R-HSA-168181,R-HSA-168188,R-HSA-168249,R-HSA-168256,R-HSA-168643,R-HSA-168898,R-HSA-168928,R-HSA-1810476,R-HSA-181438,R-HSA-1834949,R-HSA-193639,R-HSA-193692,R-HSA-193704,R-HSA-202403,R-HSA-202424,R-HSA-209560,R-HSA-2262752,R-HSA-2454202,R-HSA-2559582,R-HSA-2559583,R-HSA-2871837,R-HSA-3134963,R-HSA-3214841,R-HSA-3247509,R-HSA-381340,R-HSA-445989,R-HSA-446652,R-HSA-448424,R-HSA-448706,R-HSA-449147,R-HSA-450294,R-HSA-4839726,R-HSA-5260271,R-HSA-5602358,R-HSA-5603029,R-HSA-5607764,R-HSA-5621481,R-HSA-5621575,R-HSA-5660668,R-HSA-5684264,R-HSA-622312,R-HSA-6798695,R-HSA-73887,R-HSA-844456,R-HSA-8953897,R-HSA-9020702,R-HSA-933542,R-HSA-937061,R-HSA-975138,R-HSA-975155,R-HSA-975871,R-HSA-983705,UPI000000D917,UPI0000192724,UPI000022C3D1,UPI0001D3B66D,UPI0001D3B66E,UPI0001D3B6E0,UPI0003F480DF,UPI00108E7FDB,UPI00109085C0,XM_011532006,XM_011532006.2,XM_024454067,XM_024454067.1,XM_024454068,XM_024454068.1,XM_024454069,XM_024454069.1,XP_011530308,XP_011530308.1,XP_024309835,XP_024309835.1,XP_024309836,XP_024309836.1,XP_024309837,XP_024309837.1,Z47734,Z47735,Z47736,Z47737,Z47738,Z47739,Z47740,Z47741,Z47742,Z47743,Z47744,Z47748,Z47749,Z47750,Z47751,Z47752,Z47753,Z47754,Z47755,hsa:4790,nuclear factor kappa B subunit 1,p105,p50,uc011cep.2
NFKBIA	9606.ENSP00000216797	NF-kappa-B inhibitor alpha; Inhibits the activity of dimeric NF-kappa-B/REL complexes by trapping REL dimers in the cytoplasm through masking of their nuclear localization signals. On cellular stimulation by immune and proinflammatory responses, becomes phosphorylated promoting ubiquitination and degradation, enabling the dimeric RELA to translocate to the nucleus and activate transcription.	https://smart.embl.de/smart/DDvec.cgi?smart=317:ANK(73|103)+ANK(110|139)+ANK(143|172)+ANK(182|211)+ANK(216|245)+	1IKN,1NFI,4792,AAA16489.1,AAH02601.1,AAH04983.1,AAK51149.1,AAP35754.1,AAR29599.1,AJ249283,AJ249284,AJ249285,AJ249286,AJ249294,AJ249295,AK313421,AL133163,AY033600,AY496422,B2R8L6,BAG36213.1,BC002601,BC004983,BT007091,CAB003815,CAB65556.2,CCDS9656,CCDS9656.1,CH471078,CHEMBL2898,EAW65875.1,EDAID2,ENSG00000100906,ENSP00000216797,ENSP00000450514,ENSP00000450537,ENSP00000451257,ENSP00000451281,ENST00000216797,ENST00000216797.9,ENST00000553342,ENST00000553342.1,ENST00000554001,ENST00000554001.5,ENST00000555371,ENST00000555371.1,ENST00000555629,ENST00000555629.1,ENST00000556664,ENST00000556664.1,ENST00000557100,ENST00000557100.5,ENST00000557140,ENST00000557140.5,ENST00000557389,ENST00000557389.1,ENST00000557459,ENST00000557459.1,G3V286,G3V2A2,G3V3I4,G3V3K1,HGNC:7797,HPA029207,I-kappa-B-alpha,IKBA,IKBA_HUMAN,IkB-alpha,IkappaBalpha,LRG_89,LRG_89t1,M69043,MAD-3,MAD3,NF-kappa-B inhibitor alpha,NFKB inhibitor alpha,NFKBI,NFKBIA,NFKBIA-201,NFKBIA-202,NFKBIA-203,NFKBIA-204,NFKBIA-205,NFKBIA-206,NFKBIA-207,NFKBIA-208,NFKBIA-209,NFKBIA-210,NM_020529,NM_020529.2,NP_065390,NP_065390.1,NX_P25963,OMIM:164008,OTTHUMG00000140220,P25963,R-HSA-1168372,R-HSA-1169091,R-HSA-1280215,R-HSA-1280218,R-HSA-1606322,R-HSA-162582,R-HSA-1643685,R-HSA-166016,R-HSA-166058,R-HSA-166166,R-HSA-168138,R-HSA-168142,R-HSA-168164,R-HSA-168176,R-HSA-168179,R-HSA-168181,R-HSA-168188,R-HSA-168249,R-HSA-168256,R-HSA-168898,R-HSA-168928,R-HSA-1810476,R-HSA-181438,R-HSA-1834949,R-HSA-193639,R-HSA-193704,R-HSA-202403,R-HSA-202424,R-HSA-209560,R-HSA-2454202,R-HSA-2871837,R-HSA-2990846,R-HSA-3108232,R-HSA-392499,R-HSA-445989,R-HSA-446652,R-HSA-449147,R-HSA-4755510,R-HSA-5260271,R-HSA-5602358,R-HSA-5603029,R-HSA-5607764,R-HSA-5621481,R-HSA-5688426,R-HSA-5689880,R-HSA-597592,R-HSA-73887,R-HSA-9020702,R-HSA-933542,R-HSA-937061,R-HSA-975138,R-HSA-975155,R-HSA-975871,R-HSA-983705,UPI000004F0A9,UPI0000D4D3E0,UPI0000D4E286,UPI00021CF163,UPI0003F47ACE,URS0000D6E1B0,hsa:4792,uc001wtf.5
NRAS	9606.ENSP00000358548	GTPase NRas; Ras proteins bind GDP/GTP and possess intrinsic GTPase activity.	https://smart.embl.de/smart/DDvec.cgi?smart=189:RAS(1|166)+	2N9C,3CON,4893,5UHV,6E6H,AAA36548.1,AAA36556.1,AAA60255.1,AAH05219.1,AAM12633.1,AAQ94397.1,AAV38539.1,AAV38540.1,ABY87546.1,AF493919,ALPS4,AY428630,BC005219,BT019734,BT019735,CAA25269.1,CAA25270.1,CAA25271.1,CAA25272.1,CAA26529.1,CAA29079.1,CAA30320.1,CAA37384.1,CAB010157,CCDS877,CCDS877.1,CH471122,CHEMBL2079845,CMNS,EAW56608.1,EAW56609.1,EAW56610.1,EAW56611.1,ENSG00000213281,ENSP00000358548,ENSP00000385392,ENST00000369535,ENST00000369535.4,ENST00000406761,EU332857,GTPase NRas,HGNC:7989,HPA049830,HRAS1,K03211,L00040,L00041,L00042,L00043,LRG_92,M10055,M25898,N-ras,NCMS,NM_002524,NM_002524.4,NM_002524.5,NP_002515,NP_002515.1,NRAS,NRAS proto-oncogene, GTPase,NRAS-201,NRAS1,NS6,NX_P01111,OMIM:164790,OTTHUMG00000012059,P01111,Q14971,Q15104,Q15282,Q5U091,R-HSA-109582,R-HSA-112314,R-HSA-112315,R-HSA-112316,R-HSA-112399,R-HSA-112412,R-HSA-1168372,R-HSA-1169092,R-HSA-1226099,R-HSA-1227986,R-HSA-1236382,R-HSA-1236394,R-HSA-1250196,R-HSA-1250347,R-HSA-1266738,R-HSA-1280215,R-HSA-1280218,R-HSA-1433557,R-HSA-162582,R-HSA-1643685,R-HSA-1643713,R-HSA-166520,R-HSA-167044,R-HSA-168249,R-HSA-168256,R-HSA-171007,R-HSA-177929,R-HSA-179812,R-HSA-180336,R-HSA-186763,R-HSA-186797,R-HSA-187037,R-HSA-187687,R-HSA-190236,R-HSA-194138,R-HSA-1963640,R-HSA-202733,R-HSA-210993,R-HSA-2172127,R-HSA-2179392,R-HSA-2404192,R-HSA-2424491,R-HSA-2428924,R-HSA-2428928,R-HSA-2428933,R-HSA-2454202,R-HSA-2871796,R-HSA-372790,R-HSA-375165,R-HSA-388396,R-HSA-416476,R-HSA-422475,R-HSA-438064,R-HSA-4420097,R-HSA-442742,R-HSA-442755,R-HSA-442982,R-HSA-5218921,R-HSA-5621481,R-HSA-5621575,R-HSA-5637810,R-HSA-5637812,R-HSA-5637815,R-HSA-5654687,R-HSA-5654688,R-HSA-5654693,R-HSA-5654696,R-HSA-5654699,R-HSA-5654700,R-HSA-5654704,R-HSA-5654706,R-HSA-5654708,R-HSA-5654712,R-HSA-5654716,R-HSA-5654719,R-HSA-5654736,R-HSA-5654738,R-HSA-5654741,R-HSA-5654743,R-HSA-5655253,R-HSA-5655291,R-HSA-5655302,R-HSA-5655332,R-HSA-5658442,R-HSA-5663202,R-HSA-5673000,R-HSA-5673001,R-HSA-5674135,R-HSA-5675221,R-HSA-5683057,R-HSA-5684996,R-HSA-6798695,R-HSA-6802946,R-HSA-6802948,R-HSA-6802949,R-HSA-6802952,R-HSA-6802953,R-HSA-6802955,R-HSA-6802957,R-HSA-6806834,R-HSA-74751,R-HSA-74752,R-HSA-881907,R-HSA-8848021,R-HSA-8849471,R-HSA-8851805,R-HSA-8853334,R-HSA-8853338,R-HSA-8939211,R-HSA-9006115,R-HSA-9006335,R-HSA-9006927,R-HSA-9006931,R-HSA-9006934,R-HSA-9009391,R-HSA-9026519,R-HSA-9027284,R-HSA-9028731,R-HSA-9034015,R-HSA-9034864,R-HSA-9607240,R-HSA-9634635,R-HSA-9649913,R-HSA-9649948,R-HSA-983705,RASN_HUMAN,Transforming protein N-Ras,UPI0000001254,X00642,X00643,X00644,X00645,X02751,X05565,X07440,X53291,X53292,hsa:4893,neuroblastoma RAS viral (v-ras) oncogene homolog,neuroblastoma RAS viral oncogene homolog,uc009wgu.4
PIK3CA	9606.ENSP00000263967	Phosphatidylinositol 4,5-bisphosphate 3-kinase catalytic subunit alpha isoform; Phosphoinositide-3-kinase (PI3K) that phosphorylates PtdIns (Phosphatidylinositol), PtdIns4P (Phosphatidylinositol 4-phosphate) and PtdIns(4,5)P2 (Phosphatidylinositol 4,5-bisphosphate) to generate phosphatidylinositol 3,4,5-trisphosphate (PIP3). PIP3 plays a key role by recruiting PH domain-containing proteins to the membrane, including AKT1 and PDPK1, activating signaling cascades involved in cell growth, survival, proliferation, motility and morphology. Participates in cellular signaling in response to v [...] 	https://smart.embl.de/smart/DDvec.cgi?smart=1068:PI3K_p85B(31|108)+PI3K_rbd(173|292)+C2(333|441)+PI3Ka(518|704)+PI3Kc(798|1065)+	2.7.1.153,2.7.11.1,2ENQ,2RD0,3HHM,3HIZ,3ZIM,4JPS,4L1B,4L23,4L2Y,4OVU,4OVV,4TUU,4TV3,4WAF,4YKN,4ZOP,5290,5DXH,5DXT,5FI4,5ITD,5SW8,5SWG,5SWO,5SWP,5SWR,5SWT,5SX8,5SX9,5SXA,5SXB,5SXC,5SXD,5SXE,5SXF,5SXI,5SXJ,5SXK,5UBR,5UK8,5UKJ,5UL1,5XGH,5XGI,5XGJ,6GVF,6GVG,6GVH,6GVI,6NCT,6OAC,6PYS,A0A2R8Y2F6,AAB39753.1,AAI13602.1,AAI13604.1,AC076966,BC113601,BC113603,C9J951,C9JAM9,CAA82333.1,CAB017804,CCDS43171,CCDS43171.1,CHEMBL4005,CLAPO,CLOVE,CWS5,EC 2.7.1.153,ENSG00000121879,ENSP00000263967,ENSP00000417479,ENSP00000418145,ENSP00000493507,ENST00000263967,ENST00000263967.3,ENST00000462255,ENST00000462255.1,ENST00000468036,ENST00000468036.1,ENST00000477735,ENST00000477735.1,ENST00000643187,ENST00000643187.1,HGNC:8975,HPA009985,LRG_310,MCAP,MCM,MCMTC,NM_006218,NM_006218.3,NM_006218.4,NP_006209,NP_006209.2,NX_P42336,OMIM:171834,OTTHUMG00000157311,P42336,PI3-kinase subunit alpha,PI3K,PI3K-alpha,PI3Kalpha,PIK3CA,PIK3CA-201,PIK3CA-202,PIK3CA-203,PIK3CA-204,PIK3CA-205,PK3CA_HUMAN,PtdIns-3-kinase subunit alpha,PtdIns-3-kinase subunit p110-alpha,Q14CW1,Q99762,R-HSA-109582,R-HSA-109704,R-HSA-112399,R-HSA-114604,R-HSA-1226099,R-HSA-1227986,R-HSA-1236382,R-HSA-1236394,R-HSA-1250342,R-HSA-1257604,R-HSA-1266738,R-HSA-1280215,R-HSA-1280218,R-HSA-1430728,R-HSA-1433557,R-HSA-1483255,R-HSA-1483257,R-HSA-1500931,R-HSA-162582,R-HSA-1643685,R-HSA-1643713,R-HSA-1660499,R-HSA-166520,R-HSA-168249,R-HSA-168256,R-HSA-177929,R-HSA-180292,R-HSA-1839117,R-HSA-1839124,R-HSA-186763,R-HSA-186797,R-HSA-187037,R-HSA-190236,R-HSA-194138,R-HSA-1963642,R-HSA-198203,R-HSA-199418,R-HSA-202403,R-HSA-202424,R-HSA-202733,R-HSA-2029480,R-HSA-2029485,R-HSA-210993,R-HSA-2172127,R-HSA-2219528,R-HSA-2219530,R-HSA-2404192,R-HSA-2424491,R-HSA-2428924,R-HSA-2428928,R-HSA-2454202,R-HSA-2730905,R-HSA-372790,R-HSA-373753,R-HSA-388396,R-HSA-388841,R-HSA-389356,R-HSA-389357,R-HSA-416476,R-HSA-422475,R-HSA-4420097,R-HSA-449147,R-HSA-451927,R-HSA-512988,R-HSA-556833,R-HSA-5637810,R-HSA-5637812,R-HSA-5637815,R-HSA-5654687,R-HSA-5654689,R-HSA-5654695,R-HSA-5654696,R-HSA-5654708,R-HSA-5654710,R-HSA-5654716,R-HSA-5654720,R-HSA-5654736,R-HSA-5654738,R-HSA-5654741,R-HSA-5654743,R-HSA-5655253,R-HSA-5655291,R-HSA-5655302,R-HSA-5655332,R-HSA-5663202,R-HSA-6806834,R-HSA-6811558,R-HSA-74751,R-HSA-74752,R-HSA-76002,R-HSA-8851907,R-HSA-8853334,R-HSA-8853338,R-HSA-8853659,R-HSA-8939211,R-HSA-9006115,R-HSA-9006335,R-HSA-9006925,R-HSA-9006931,R-HSA-9006934,R-HSA-9009391,R-HSA-9027276,R-HSA-9028335,R-HSA-9034015,R-HSA-912526,R-HSA-912631,R-HSA-9603381,R-HSA-9607240,Serine/threonine protein kinase PIK3CA,U79143,UPI000013D494,UPI0001B796F3,UPI0001B796F4,UPI000D193548,URS0000E9A41A,XM_006713658,XM_006713658.3,XM_006713658.4,XM_011512894,XM_011512894.2,XP_006713721,XP_006713721.1,XP_011511196,XP_011511196.1,Z29090,hsa:5290,p110-alpha,p110alpha,uc003fjk.4
PIK3CB	9606.ENSP00000501150	Phosphatidylinositol 4,5-bisphosphate 3-kinase catalytic subunit beta isoform; Phosphoinositide-3-kinase (PI3K) that phosphorylates PtdIns (Phosphatidylinositol), PtdIns4P (Phosphatidylinositol 4-phosphate) and PtdIns(4,5)P2 (Phosphatidylinositol 4,5-bisphosphate) to generate phosphatidylinositol 3,4,5-trisphosphate (PIP3). PIP3 plays a key role by recruiting PH domain-containing proteins to the membrane, including AKT1 and PDPK1, activating signaling cascades involved in cell growth, survival, proliferation, motility and morphology. Involved in the activation of AKT1 upon stimulation  [...] 	https://smart.embl.de/smart/DDvec.cgi?smart=1070:PI3K_p85B(41|118)+PI3K_rbd(180|288)+PI3K_C2(321|423)+PI3Ka(525|711)+PI3Kc(801|1067)+	2.7.1.153,5291,AAB29081.1,AAI14433.1,AC020890,AC067728,AC117389,AJ297549,AJ297550,AJ297551,AJ297552,AJ297553,AJ297554,AJ297555,AJ297556,AJ297557,AJ297558,AJ297559,AJ297560,BC114432,C9J345,C9JYX0,CAB031938,CAC21449.1,CAH18210.1,CCDS3104,CCDS3104.1,CH471052,CHEMBL3145,CR749357,D3DNF0,EAW79053.1,EAW79055.1,EC 2.7.1.153,ENSG00000051382,ENSP00000289153,ENSP00000417329,ENSP00000417869,ENSP00000418143,ENSP00000418834,ENSP00000419091,ENSP00000419513,ENSP00000419857,ENSP00000420108,ENSP00000420399,ENSP00000438259,ENSP00000501150,ENST00000289153,ENST00000289153.6,ENST00000461451,ENST00000462294,ENST00000462294.1,ENST00000462898,ENST00000462898.5,ENST00000465581,ENST00000465581.1,ENST00000469284,ENST00000469284.6,ENST00000473435,ENST00000473435.1,ENST00000477593,ENST00000477593.5,ENST00000481749,ENST00000481749.5,ENST00000483968,ENST00000483968.5,ENST00000485060,ENST00000485060.1,ENST00000487552,ENST00000487552.1,ENST00000493568,ENST00000493568.5,ENST00000544716,ENST00000544716.5,ENST00000674063,F8WDJ8,H0Y871,H7C527,H7C565,H7C5C3,HGNC:8976,HPA042288,HPA064207,NM_001256045,NM_001256045.1,NM_006219,NM_006219.2,NM_006219.3,NP_001242974,NP_001242974.1,NP_006210,NP_006210.1,NX_P42338,OMIM:602925,OTTHUMG00000159893,P110BETA,P42338,PI3-kinase subunit beta,PI3K,PI3K-beta,PI3KBETA,PI3Kbeta,PIK3C1,PIK3CB,PIK3CB-201,PIK3CB-202,PIK3CB-203,PIK3CB-204,PIK3CB-205,PIK3CB-206,PIK3CB-207,PIK3CB-208,PIK3CB-209,PIK3CB-210,PIK3CB-211,PIK3CB-212,PIK3CB-213,PIK3CB-214,PK3CB_HUMAN,PtdIns-3-kinase subunit beta,PtdIns-3-kinase subunit p110-beta,Q24JU2,Q68DL0,R-HSA-109582,R-HSA-109704,R-HSA-112399,R-HSA-114604,R-HSA-1257604,R-HSA-1266738,R-HSA-1280215,R-HSA-1280218,R-HSA-1430728,R-HSA-1483255,R-HSA-1483257,R-HSA-1500931,R-HSA-162582,R-HSA-1643685,R-HSA-1660499,R-HSA-166520,R-HSA-168249,R-HSA-168256,R-HSA-186763,R-HSA-186797,R-HSA-187037,R-HSA-194138,R-HSA-198203,R-HSA-199418,R-HSA-202403,R-HSA-202424,R-HSA-202733,R-HSA-2029480,R-HSA-2029485,R-HSA-210993,R-HSA-2172127,R-HSA-2219528,R-HSA-2219530,R-HSA-2404192,R-HSA-2424491,R-HSA-2428924,R-HSA-2428928,R-HSA-2454202,R-HSA-2730905,R-HSA-373753,R-HSA-422475,R-HSA-4420097,R-HSA-449147,R-HSA-451927,R-HSA-512988,R-HSA-556833,R-HSA-5663202,R-HSA-6811558,R-HSA-74751,R-HSA-74752,R-HSA-76002,R-HSA-8853659,R-HSA-9006335,R-HSA-9006925,R-HSA-9006934,R-HSA-9027276,R-HSA-912526,R-HSA-912631,R-HSA-9607240,S67334,UPI0000046842,UPI000041A0E5,UPI0001B7961D,UPI0001B7961E,UPI0001B7961F,UPI0001B79620,UPI0001B79621,UPI0001B79623,UPI000204A805,URS0000D6D517,URS0000EBCFE1,URS0000EC0EF5,XM_005247530.2,XM_006713659,XM_006713659.3,XM_011512895,XM_011512895.2,XM_017006619,XM_017006619.1,XM_017006621,XM_017006621.2,XM_024453596,XM_024453596.1,XM_024453597,XM_024453597.1,XP_005247587.1,XP_006713722,XP_006713722.1,XP_011511197,XP_011511197.1,XP_016862108,XP_016862108.1,XP_016862110,XP_016862110.1,XP_024309364,XP_024309364.1,XP_024309365,XP_024309365.1,XR_002959542,XR_002959542.1,hsa:5291,p110beta,uc011bmq.4,uc062ohd.1
PIK3CD	9606.ENSP00000366563	Phosphatidylinositol 4,5-bisphosphate 3-kinase catalytic subunit delta isoform; Phosphoinositide-3-kinase (PI3K) that phosphorylates PtdIns(4,5)P2 (Phosphatidylinositol 4,5-bisphosphate) to generate phosphatidylinositol 3,4,5-trisphosphate (PIP3). PIP3 plays a key role by recruiting PH domain-containing proteins to the membrane, including AKT1 and PDPK1, activating signaling cascades involved in cell growth, survival, proliferation, motility and morphology. Mediates immune responses. Plays a role in B-cell development, proliferation, migration, and function. Required for B-cell recepto [...] 	https://smart.embl.de/smart/DDvec.cgi?smart=1044:PI3K_p85B(31|108)+PI3K_rbd(175|281)+PI3K_C2(309|412)+PI3Ka(498|685)+PI3Kc(775|1041)+	2.7.1.153,5293,5DXU,5M6U,5T8F,5UBT,5VLR,6G6W,6PYR,6PYU,A0A2K8FKV1,A6NCG0,AAC25677.1,AAI32920.1,AAI32922.1,ABB83814.1,AEK81610.1,AL691449,APDS,APZ74292.1,BC132919,BC132921,CAA71149.2,CAB015420,CCDS104,CCDS104.1,CHEMBL3130,DQ263594,EC 2.7.1.153,ENSG00000171608,ENSP00000304799,ENSP00000320862,ENSP00000353766,ENSP00000354410,ENSP00000366563,ENSP00000383697,ENSP00000443811,ENSP00000446444,ENSP00000486826,ENST00000302666,ENST00000323135,ENST00000360563,ENST00000361110,ENST00000361110.6,ENST00000377346,ENST00000377346.8,ENST00000400905,ENST00000479223,ENST00000479223.1,ENST00000481137,ENST00000481137.1,ENST00000484851,ENST00000484851.1,ENST00000536656,ENST00000536656.5,ENST00000543390,ENST00000543390.2,ENST00000628140,ENST00000628140.2,F8W9P4,G1FFP1,HGNC:8977,HPA044953,IMD14,JN190435,KU612116,LRG_191,NM_001350234,NM_001350234.2,NM_001350235,NM_001350235.1,NM_005026,NM_005026.3,NM_005026.5,NP_001337163,NP_001337163.1,NP_001337164,NP_001337164.1,NP_005017,NP_005017.3,NX_O00329,O00329,O15445,OMIM:602839,OTTHUMG00000001450,P110DELTA,PI3-kinase subunit delta,PI3K,PI3K-delta,PI3Kdelta,PIK3CD,PIK3CD-201,PIK3CD-202,PIK3CD-203,PIK3CD-204,PIK3CD-205,PIK3CD-206,PIK3CD-207,PIK3CD-208,PK3CD_HUMAN,PtdIns-3-kinase subunit delta,PtdIns-3-kinase subunit p110-delta,Q5SR49,Q5SR50,R-HSA-1257604,R-HSA-1266738,R-HSA-1280215,R-HSA-1280218,R-HSA-1430728,R-HSA-1483255,R-HSA-1483257,R-HSA-162582,R-HSA-1643685,R-HSA-1660499,R-HSA-168256,R-HSA-199418,R-HSA-2219528,R-HSA-2219530,R-HSA-422475,R-HSA-449147,R-HSA-451927,R-HSA-512988,R-HSA-556833,R-HSA-5663202,R-HSA-6811558,R-HSA-8853659,R-HSA-9006335,R-HSA-9006925,R-HSA-9027276,R-HSA-912526,R-HSA-912631,R-HSA-983695,R-HSA-983705,U86453,UPI000013E807,UPI00001AED46,UPI00020654E6,URS00008B8972,XM_006710687,XM_006710687.2,XM_006710689,XM_006710689.2,XM_017001476,XM_017001476.1,XM_017001477,XM_017001477.1,XM_017001478,XM_017001478.1,XM_017001479,XM_017001479.1,XM_017001480,XM_017001480.1,XM_017001481,XM_017001481.1,XM_017001482,XM_017001482.2,XM_017001483,XM_017001483.2,XM_024447661,XM_024447661.1,XM_024447663,XM_024447663.1,XM_024447664,XM_024447664.1,XP_006710750,XP_006710750.1,XP_006710752,XP_006710752.1,XP_016856965,XP_016856965.1,XP_016856966,XP_016856966.1,XP_016856967,XP_016856967.1,XP_016856968,XP_016856968.1,XP_016856969,XP_016856969.1,XP_016856970,XP_016856970.1,XP_016856971,XP_016856971.1,XP_016856972,XP_016856972.1,XP_024303429,XP_024303429.1,XP_024303431,XP_024303431.1,XP_024303432,XP_024303432.1,XR_002956806,XR_002956806.1,Y10055,hsa:5293,p110D,p110delta,phosphoinositide-3-kinase C,uc001aqb.5
PIK3R1	9606.ENSP00000428056	Phosphatidylinositol 3-kinase regulatory subunit alpha; Binds to activated (phosphorylated) protein-Tyr kinases, through its SH2 domain, and acts as an adapter, mediating the association of the p110 catalytic unit to the plasma membrane. Necessary for the insulin-stimulated increase in glucose uptake and glycogen synthesis in insulin-sensitive tissues. Plays an important role in signaling in response to FGFR1, FGFR2, FGFR3, FGFR4, KITLG/SCF, KIT, PDGFRA and PDGFRB. Likewise, plays a role in ITGB2 signaling. Modulates the cellular response to ER stress by promoting nuclear translocation [...] 	https://smart.embl.de/smart/DDvec.cgi?smart=724:SH3(6|78)+RhoGAP(126|298)+SH2(331|414)+Pfam_PI3K_P85_iSH2(431|599)+SH2(622|704)+	1A0N,1AZG,1H9O,1PBW,1PHT,1PIC,1PKS,1PKT,2IUG,2IUH,2IUI,2RD0,2V1Y,3HHM,3HIZ,3I5R,3I5S,4A55,4JPS,4L1B,4L23,4L2Y,4OVU,4OVV,4WAF,4YKN,4ZOP,5295,5AUL,5FI4,5GJI,5ITD,5M6U,5SW8,5SWG,5SWO,5SWP,5SWR,5SWT,5SX8,5SX9,5SXA,5SXB,5SXC,5SXD,5SXE,5SXF,5SXI,5SXJ,5SXK,5UBT,5UK8,5UKJ,5UL1,5VLR,5XGH,5XGI,5XGJ,6NCT,6PYR,6PYU,A0A2X0SFG1,AAB04140.1,AAH30815.1,AAH94795.1,AAO15359.1,AC016564,AC104120,AF279367,AGM7,AK094785,AK223613,B3KT19,BAD97333.1,BAG52931.1,BC030815,BC094795,CAB004268,CCDS3993,CCDS3993.1,CCDS3994,CCDS3994.1,CCDS3995,CCDS3995.1,CCDS56374,CCDS56374.1,CH471137,CHEMBL2506,D3DWA0,E5RGI8,E5RHI0,E5RJY0,E5RK66,E7EX19,EAW51312.1,EAW51313.1,ENSG00000145675,ENSP00000274335,ENSP00000323512,ENSP00000338554,ENSP00000379855,ENSP00000428056,ENSP00000428566,ENSP00000429156,ENSP00000429277,ENSP00000429766,ENSP00000430098,ENSP00000430126,ENSP00000430424,ENSP00000431058,ENST00000274335,ENST00000320694,ENST00000320694.12,ENST00000336483,ENST00000336483.9,ENST00000396611,ENST00000517412,ENST00000517412.1,ENST00000517643,ENST00000517643.1,ENST00000517698,ENST00000517698.5,ENST00000518292,ENST00000518292.1,ENST00000518813,ENST00000518813.5,ENST00000519025,ENST00000519025.5,ENST00000520550,ENST00000520550.1,ENST00000520675,ENST00000520675.1,ENST00000521381,ENST00000521381.5,ENST00000521409,ENST00000521409.5,ENST00000521657,ENST00000521657.5,ENST00000522084,ENST00000522084.5,ENST00000523807,ENST00000523807.5,ENST00000523872,ENST00000523872.1,GRB1,H0YB27,H0YBC2,HGNC:8979,HPA001216,IMD36,LS482401,M61906,NM_001242466,NM_001242466.1,NM_001242466.2,NM_181504,NM_181504.3,NM_181504.4,NM_181523,NM_181523.2,NM_181523.3,NM_181524,NM_181524.1,NM_181524.2,NP_001229395,NP_001229395.1,NP_852556,NP_852556.2,NP_852664,NP_852664.1,NP_852665,NP_852665.1,NX_P27986,OMIM:171833,OTTHUMG00000131251,P27986,P85A_HUMAN,PI3-kinase regulatory subunit alpha,PI3-kinase subunit p85-alpha,PI3K regulatory subunit alpha,PIK3R1,PIK3R1-201,PIK3R1-202,PIK3R1-203,PIK3R1-204,PIK3R1-205,PIK3R1-206,PIK3R1-207,PIK3R1-208,PIK3R1-209,PIK3R1-210,PIK3R1-211,PIK3R1-212,PIK3R1-213,PIK3R1-214,PIK3R1-215,PIK3R1-216,Phosphoinositide-3-kinase regulatory subunit 1,PtdIns-3-kinase regulatory subunit alpha,PtdIns-3-kinase regulatory subunit p85-alpha,Q15747,Q4VBZ7,Q53EM6,Q8IXA2,Q8N1C5,R-HSA-109582,R-HSA-109704,R-HSA-112399,R-HSA-114604,R-HSA-1226099,R-HSA-1227986,R-HSA-1236382,R-HSA-1236394,R-HSA-1250342,R-HSA-1257604,R-HSA-1266695,R-HSA-1266738,R-HSA-1280215,R-HSA-1280218,R-HSA-1430728,R-HSA-1433557,R-HSA-1483255,R-HSA-1483257,R-HSA-1500931,R-HSA-162582,R-HSA-1643685,R-HSA-1643713,R-HSA-1660499,R-HSA-166520,R-HSA-168249,R-HSA-168256,R-HSA-177929,R-HSA-180292,R-HSA-1839117,R-HSA-1839124,R-HSA-186763,R-HSA-186797,R-HSA-187037,R-HSA-190236,R-HSA-194138,R-HSA-1963642,R-HSA-198203,R-HSA-199418,R-HSA-202403,R-HSA-202424,R-HSA-202733,R-HSA-2029480,R-HSA-2029485,R-HSA-210993,R-HSA-2172127,R-HSA-2219528,R-HSA-2219530,R-HSA-2404192,R-HSA-2424491,R-HSA-2428924,R-HSA-2428928,R-HSA-2454202,R-HSA-2730905,R-HSA-372790,R-HSA-373753,R-HSA-388396,R-HSA-388841,R-HSA-389356,R-HSA-389357,R-HSA-416476,R-HSA-422475,R-HSA-430116,R-HSA-4420097,R-HSA-449147,R-HSA-451927,R-HSA-512988,R-HSA-556833,R-HSA-5637810,R-HSA-5637812,R-HSA-5637815,R-HSA-5654687,R-HSA-5654689,R-HSA-5654695,R-HSA-5654696,R-HSA-5654708,R-HSA-5654710,R-HSA-5654716,R-HSA-5654720,R-HSA-5654736,R-HSA-5654738,R-HSA-5654741,R-HSA-5654743,R-HSA-5655253,R-HSA-5655291,R-HSA-5655302,R-HSA-5655332,R-HSA-5663202,R-HSA-6785807,R-HSA-6806834,R-HSA-6811558,R-HSA-74751,R-HSA-74752,R-HSA-76002,R-HSA-8851907,R-HSA-8853334,R-HSA-8853338,R-HSA-8853659,R-HSA-8939211,R-HSA-9006115,R-HSA-9006335,R-HSA-9006925,R-HSA-9006931,R-HSA-9006934,R-HSA-9009391,R-HSA-9027276,R-HSA-9028335,R-HSA-9034015,R-HSA-912526,R-HSA-912631,R-HSA-9603381,R-HSA-9607240,R-HSA-983695,R-HSA-983705,SPT35778.1,U49349,UPI00000743EC,UPI000013D9FF,UPI000014094F,UPI0000E5AC63,UPI0001E8EFD2,UPI0001E8EFD3,UPI0001E8EFD4,UPI0001E8EFD5,UPI0001E8EFD6,UPI0003F47A1C,URS00008B262D,XM_005248542,XM_005248542.3,XM_011543493,XM_011543493.3,XM_017009585,XM_017009585.1,XM_017009585.2,XM_017009586,XM_017009586.1,XP_005248599,XP_005248599.1,XP_011541795,XP_011541795.1,XP_016865074,XP_016865074.1,XP_016865075,XP_016865075.1,hsa:5295,p85,p85-ALPHA,phosphoinositide-3-kinase regulatory subunit 1,uc003jva.4
PIK3R2	9606.ENSP00000222254	Phosphatidylinositol 3-kinase regulatory subunit beta; Regulatory subunit of phosphoinositide-3-kinase (PI3K), a kinase that phosphorylates PtdIns(4,5)P2 (Phosphatidylinositol 4,5- bisphosphate) to generate phosphatidylinositol 3,4,5-trisphosphate (PIP3). PIP3 plays a key role by recruiting PH domain-containing proteins to the membrane, including AKT1 and PDPK1, activating signaling cascades involved in cell growth, survival, proliferation, motility and morphology. Binds to activated (phosphorylated) protein- tyrosine kinases, through its SH2 domain, and acts as an adapter, mediating t [...] 	https://smart.embl.de/smart/DDvec.cgi?smart=728:SH3(7|79)+RhoGAP(122|292)+SH2(328|411)+Pfam_PI3K_P85_iSH2(428|596)+SH2(620|702)+	2KT1,2XS6,3MTT,3O5Z,5296,AAD22671.1,AAH70082.1,AAH90249.1,AC007192,BC070082,BC090249,CAA56868.1,CCDS12371,CCDS12371.1,CHEMBL4437,E9PFP1,ENSG00000105647,ENSP00000222254,ENSP00000395636,ENSP00000412908,ENSP00000470075,ENSP00000476825,ENSP00000477864,ENSP00000484714,ENSP00000500792,ENST00000222254,ENST00000222254.12,ENST00000426902,ENST00000426902.5,ENST00000444315,ENST00000459743,ENST00000459743.2,ENST00000464016,ENST00000464016.3,ENST00000473973,ENST00000474310,ENST00000474310.1,ENST00000600533,ENST00000600533.2,ENST00000617130,ENST00000617130.4,ENST00000617642,ENST00000617642.1,ENST00000672815,HGNC:8980,HPA069291,LRG_1392,LRG_1392t1,MPPH,MPPH1,NM_005027,NM_005027.3,NM_005027.4,NP_005018,NP_005018.1,NP_005018.2,NR_073517,NR_073517.2,NR_162071,NR_162071.1,NX_O00459,O00459,OMIM:603157,OTTHUMG00000183383,P85B,P85B_HUMAN,PI3-kinase regulatory subunit beta,PI3-kinase subunit p85-beta,PI3K regulatory subunit beta,PIK3R2,PIK3R2-201,PIK3R2-202,PIK3R2-203,PIK3R2-204,PIK3R2-205,PIK3R2-206,PIK3R2-207,PIK3R2-208,PIK3R2-209,Phosphoinositide-3-kinase regulatory subunit 2,PtdIns-3-kinase regulatory subunit beta,PtdIns-3-kinase regulatory subunit p85-beta,Q5EAT5,Q9UPH9,R-HSA-109582,R-HSA-109704,R-HSA-112399,R-HSA-114604,R-HSA-1257604,R-HSA-1266695,R-HSA-1266738,R-HSA-1280215,R-HSA-1280218,R-HSA-1430728,R-HSA-1433557,R-HSA-1483255,R-HSA-1483257,R-HSA-1500931,R-HSA-162582,R-HSA-1643685,R-HSA-1660499,R-HSA-166520,R-HSA-168249,R-HSA-168256,R-HSA-186763,R-HSA-186797,R-HSA-187037,R-HSA-194138,R-HSA-194315,R-HSA-194840,R-HSA-198203,R-HSA-199418,R-HSA-202403,R-HSA-202424,R-HSA-202733,R-HSA-2029480,R-HSA-2029485,R-HSA-210993,R-HSA-2172127,R-HSA-2219528,R-HSA-2219530,R-HSA-2404192,R-HSA-2424491,R-HSA-2428924,R-HSA-2428928,R-HSA-2454202,R-HSA-2730905,R-HSA-372790,R-HSA-373753,R-HSA-388396,R-HSA-388841,R-HSA-389356,R-HSA-389357,R-HSA-416476,R-HSA-422475,R-HSA-4420097,R-HSA-449147,R-HSA-451927,R-HSA-512988,R-HSA-556833,R-HSA-5663202,R-HSA-6811558,R-HSA-74751,R-HSA-74752,R-HSA-76002,R-HSA-8853659,R-HSA-8939211,R-HSA-9006925,R-HSA-9006931,R-HSA-9006934,R-HSA-9009391,R-HSA-912526,R-HSA-912631,R-HSA-9607240,UPI000006EF95,UPI0000E5A1B9,UPI0003B928D9,V9GYJ4,X80907,hsa:5296,p85,p85-BETA,phosphoinositide-3-kinase regulatory subunit 2,uc002nia.3
PIK3R3	9606.ENSP00000262741	Phosphatidylinositol 3-kinase regulatory subunit gamma; Binds to activated (phosphorylated) protein-tyrosine kinases through its SH2 domain and regulates their kinase activity. During insulin stimulation, it also binds to IRS-1.	https://smart.embl.de/smart/DDvec.cgi?smart=461:SH2(63|146)+Pfam_PI3K_P85_iSH2(163|331)+SH2(356|438)+	5ZUT,8503,AAC39696.1,AF028785,AK313726,AL358075,B2R9C1,BAA13636.1,BAG36468.1,BC021622,CCDS529,CCDS529.1,CCDS76154,CCDS76154.1,CCDS76155,CH471059,CHEMBL3559703,D3DQ12,D88532,EAX06944.1,EAX06945.1,EAX06946.1,EAX06947.1,ENSG00000117461,ENSP00000262741,ENSP00000312785,ENSP00000337328,ENSP00000342348,ENSP00000342484,ENSP00000346188,ENSP00000361074,ENSP00000361075,ENSP00000391431,ENSP00000412546,ENSP00000416647,ENSP00000439913,ENST00000262741,ENST00000262741.9,ENST00000325645,ENST00000336117,ENST00000340332,ENST00000341006,ENST00000354242,ENST00000372005,ENST00000372006,ENST00000372006.5,ENST00000420542,ENST00000420542.5,ENST00000423209,ENST00000423209.5,ENST00000425892,ENST00000425892.2,ENST00000488808,ENST00000488808.1,ENST00000493202,ENST00000493202.1,ENST00000540385,HGNC:8981,HPA005751,HPA071988,NM_001114172,NM_001114172.1,NM_001303428,NM_001303428.1,NM_001303429,NM_001303429.1,NM_001303429.2,NM_001328648,NM_001328648.1,NM_001328649,NM_001328649.1,NM_001328650,NM_001328650.1,NM_001328651,NM_001328651.1,NM_001328652,NM_001328652.2,NM_001328653,NM_001328653.2,NM_001328654,NM_001328654.2,NM_003629,NM_003629.3,NM_003629.4,NP_001107644,NP_001107644.1,NP_001290357,NP_001290357.1,NP_001290358,NP_001290358.1,NP_001315577,NP_001315577.1,NP_001315578,NP_001315578.1,NP_001315579,NP_001315579.1,NP_001315580,NP_001315580.1,NP_001315581,NP_001315581.1,NP_001315582,NP_001315582.1,NP_001315583,NP_001315583.1,NP_003620,NP_003620.3,NR_137329,NR_137329.2,NX_Q92569,O60482,OMIM:606076,OTTHUMG00000008096,P55G_HUMAN,PI3-kinase regulatory subunit gamma,PI3-kinase subunit p55-gamma,PI3K regulatory subunit gamma,PIK3R3,PIK3R3-201,PIK3R3-202,PIK3R3-203,PIK3R3-204,PIK3R3-205,PIK3R3-206,PIK3R3-207,Phosphoinositide-3-kinase regulatory subunit 3,PtdIns-3-kinase regulatory subunit gamma,PtdIns-3-kinase regulatory subunit p55-gamma,Q5T4P1,Q5T4P2,Q5T4P3,Q92569,R-HSA-109582,R-HSA-114604,R-HSA-1257604,R-HSA-1266695,R-HSA-1266738,R-HSA-1280215,R-HSA-1280218,R-HSA-1430728,R-HSA-1433557,R-HSA-1483255,R-HSA-1483257,R-HSA-162582,R-HSA-1643685,R-HSA-1660499,R-HSA-168256,R-HSA-199418,R-HSA-2219528,R-HSA-2219530,R-HSA-372790,R-HSA-388396,R-HSA-388841,R-HSA-389356,R-HSA-389357,R-HSA-416476,R-HSA-422475,R-HSA-449147,R-HSA-451927,R-HSA-512988,R-HSA-556833,R-HSA-5663202,R-HSA-6811558,R-HSA-76002,R-HSA-8853659,R-HSA-8939211,R-HSA-9006925,R-HSA-9006931,R-HSA-9006934,R-HSA-9009391,R-HSA-912526,R-HSA-912631,UPI000002B054,UPI000013D318,UPI0000470C0E,URS0000CFA3B3,XM_017002614.1,XP_016858103.1,hsa:8503,p55,p55-GAMMA,p55PIK,phosphoinositide-3-kinase regulatory subunit 3,uc001cpb.5,uc001cpc.5
POLK	9606.ENSP00000241436	DNA polymerase kappa; DNA polymerase specifically involved in DNA repair. Plays an important role in translesion synthesis, where the normal high-fidelity DNA polymerases cannot proceed and DNA synthesis stalls. Depending on the context, it inserts the correct base, but causes frequent base transitions, transversions and frameshifts. Lacks 3'-5' proofreading exonuclease activity. Forms a Schiff base with 5'-deoxyribose phosphate at abasic sites, but does not have lyase activity. Belongs to the DNA polymerase type-Y family.	https://smart.embl.de/smart/DDvec.cgi?smart=870:Pfam_IMS(106|325)+Pfam_IMS_HHH(339|370)+Pfam_IMS_C(407|526)+ZnF_Rad18(621|647)+ZnF_Rad18(776|802)+	1T94,2.7.7.7,2LSI,2OH2,2W7O,2W7P,3IN5,3PZP,4BA9,4GK5,4U6P,4U7C,51426,5T14,5W2A,5W2C,6BRX,6BS1,6CST,A0A024RAP4,AAF02540.1,AAF23270.1,AAH14955.1,AAH50718.1,AAN15780.1,AAN15781.1,AAP12648.1,AAV80827.1,AAV80828.1,AAV80829.1,AAV80830.1,AB027564,AB036934,AB036935,AC010245,AC026424,AC116341,AF163570,AF194973,AF315602,AF318313,AK091659,AK314610,AY273797,AY769929,AY769930,AY769931,AY769932,B2RBD2,BAA86943.1,BAB58975.1,BAB58976.1,BAC03714.1,BAG37179.1,BC014955,BC050718,CCDS4030,CCDS4030.1,CH471084,CHEMBL5365,D6R9M8,D6RAE5,D6RAI7,D6RDX9,DINB protein,DINB1,DINP,DNA polymerase kappa,EAW95762.1,EAW95763.1,EAW95764.1,EAW95765.1,EC 2.7.7.7,ENSG00000122008,ENSP00000241436,ENSP00000315905,ENSP00000342256,ENSP00000353425,ENSP00000369847,ENSP00000369848,ENSP00000403782,ENSP00000420997,ENSP00000421819,ENSP00000421879,ENSP00000421997,ENSP00000422094,ENSP00000423526,ENSP00000423532,ENSP00000424174,ENSP00000424859,ENSP00000425075,ENSP00000425208,ENSP00000426853,ENST00000241436,ENST00000241436.8,ENST00000317087,ENST00000352007,ENST00000360283,ENST00000380480,ENST00000380481,ENST00000425306,ENST00000502567,ENST00000502567.1,ENST00000503479,ENST00000503479.6,ENST00000504026,ENST00000504026.5,ENST00000505069,ENST00000505069.1,ENST00000505774,ENST00000505774.5,ENST00000505975,ENST00000505975.5,ENST00000506928,ENST00000506928.5,ENST00000507073,ENST00000507073.1,ENST00000508526,ENST00000508526.5,ENST00000508867,ENST00000508867.5,ENST00000509126,ENST00000509126.2,ENST00000510815,ENST00000510815.6,ENST00000511527,ENST00000511527.5,ENST00000514141,ENST00000514141.5,ENST00000514296,ENST00000514296.5,ENST00000515295,ENST00000515295.5,HGNC:9183,HPA012035,HPA057303,HPA068117,HPA069375,NM_001345921,NM_001345921.1,NM_001345922,NM_001345922.1,NM_016218,NM_016218.3,NP_001332850,NP_001332850.1,NP_001332851,NP_001332851.1,NP_057302,NP_057302.1,NR_144315,NR_144315.1,NX_Q9UBT6,OMIM:605650,OTTHUMG00000102107,POLK,POLK-201,POLK-202,POLK-203,POLK-204,POLK-205,POLK-206,POLK-207,POLK-208,POLK-209,POLK-210,POLK-211,POLK-212,POLK-213,POLK-214,POLK-215,POLK-216,POLK-217,POLK_HUMAN,POLQ,Q5Q9G5,Q5Q9G6,Q5Q9G7,Q5Q9G8,Q86VJ8,Q8IZY0,Q8IZY1,Q8NB30,Q96L01,Q96Q86,Q96Q87,Q9UBT6,Q9UHC5,R-HSA-110313,R-HSA-5655862,R-HSA-5656169,R-HSA-5685942,R-HSA-5693532,R-HSA-5693538,R-HSA-5693567,R-HSA-5696397,R-HSA-5696398,R-HSA-5696399,R-HSA-5696400,R-HSA-6781827,R-HSA-6782135,R-HSA-6782210,R-HSA-73893,R-HSA-73894,UPI000004D289,UPI0000073EF6,UPI0000190820,UPI0000497E04,UPI0000497E06,UPI00004C8013,UPI0000D46516,UPI0000D4A751,UPI0001D3B461,UPI0001D3B462,URS00008B754A,URS00008BA6A0,URS0000EAC5B0,XM_005248534,XM_005248534.5,XM_011543463,XM_011543463.3,XM_011543464,XM_011543464.3,XM_011543467,XM_011543467.3,XM_017009559,XM_017009559.1,XM_017009559.2,XM_017009560,XM_017009560.1,XM_017009560.2,XM_017009561,XM_017009561.2,XM_017009563,XM_017009563.1,XM_017009563.2,XP_005248591,XP_005248591.1,XP_011541765,XP_011541765.1,XP_011541766,XP_011541766.1,XP_011541769,XP_011541769.1,XP_016865048,XP_016865048.1,XP_016865049,XP_016865049.1,XP_016865050,XP_016865050.1,XP_016865052,XP_016865052.1,XR_001742105,XR_001742105.2,XR_001742107,XR_001742107.2,XR_001742108,XR_001742108.2,XR_002956163,XR_002956163.1,XR_241784,XR_241784.3,XR_948273,XR_948273.3,hsa:51426,polymerase (DNA directed) kappa,polymerase (DNA) kappa,uc003kdw.4
PTPN11	9606.ENSP00000489597	Tyrosine-protein phosphatase non-receptor type 11; Acts downstream of various receptor and cytoplasmic protein tyrosine kinases to participate in the signal transduction from the cell surface to the nucleus. Positively regulates MAPK signal transduction pathway. Dephosphorylates GAB1, ARHGAP35 and EGFR. Dephosphorylates ROCK2 at 'Tyr-722' resulting in stimulatation of its RhoA binding activity. Dephosphorylates CDC73.	https://smart.embl.de/smart/DDvec.cgi?smart=597:SH2(4|87)+SH2(110|203)+PTPc(246|527)+	2SHP,3.1.3.48,3B7O,3MOW,3O5X,3TKZ,3TL0,3ZM0,3ZM1,3ZM2,3ZM3,4DGP,4DGX,4GWF,4H1O,4H34,4JE4,4JEG,4JMG,4NWF,4NWG,4OHD,4OHE,4OHH,4OHI,4OHL,4PVG,4QSY,4RDD,5781,5DF6,5EHP,5EHR,5I6V,5IBM,5IBS,5X7B,5X94,5XZR,6ATD,6BMR,6BMU,6BMV,6BMW,6BMX,6BMY,6BN5,6CMP,6CMQ,6CMR,6CMS,6CRF,6CRG,6IHZ,6MD7,6MD9,6MDA,6MDB,6MDC,6MDD,A0A0U1RRI0,A0A1W2PPU4,A8K1D9,AAA17022.1,AAA36611.1,AAH08692.1,AAP35770.1,AC004086,AC004216,AK289854,BAA02740.2,BAF82543.1,BC008692,BPTP3,BT007106,CAA50045.1,CAB005377,CCDS58280,CCDS58280.1,CCDS81741,CCDS81741.1,CCDS9163,CCDS9163.1,CFC,CH471054,CHEMBL3864,D13540,EAW98012.1,EC 3.1.3.48,ENSG00000179295,ENSP00000316712,ENSP00000340944,ENSP00000376375,ENSP00000376376,ENSP00000437013,ENSP00000489541,ENSP00000489597,ENSP00000491593,ENST00000318264,ENST00000349297,ENST00000351677,ENST00000351677.6,ENST00000392596,ENST00000392597,ENST00000392597.5,ENST00000530818,ENST00000530818.1,ENST00000531326,ENST00000531326.1,ENST00000635625,ENST00000635625.1,ENST00000635652,ENST00000635652.1,ENST00000639857,ENST00000639857.1,H0YF12,HGNC:9644,JMML,L03535,L07527,L08807,LRG_614,METCDS,NM_001330437,NM_001330437.1,NM_002834,NM_002834.4,NM_080601,NM_080601.2,NM_080601.3,NP_001317366,NP_001317366.1,NP_002825,NP_002825.3,NP_542168,NP_542168.1,NS1,NX_Q06124,Noonan syndrome 1,OMIM:176876,OTTHUMG00000134334,PTN11_HUMAN,PTP-1D,PTP-2C,PTP2C,PTPN11,PTPN11-201,PTPN11-202,PTPN11-203,PTPN11-204,PTPN11-205,PTPN11-206,PTPN11-207,Protein-tyrosine phosphatase 1D,Protein-tyrosine phosphatase 2C,Q06124,Q96HD7,R-HSA-1059683,R-HSA-109582,R-HSA-109704,R-HSA-110056,R-HSA-112399,R-HSA-112409,R-HSA-112411,R-HSA-114604,R-HSA-1170546,R-HSA-1257604,R-HSA-1266738,R-HSA-1280215,R-HSA-1280218,R-HSA-1295596,R-HSA-1433557,R-HSA-1500931,R-HSA-162582,R-HSA-1643685,R-HSA-166016,R-HSA-166166,R-HSA-166520,R-HSA-168249,R-HSA-168256,R-HSA-168898,R-HSA-177929,R-HSA-180292,R-HSA-186763,R-HSA-186797,R-HSA-190236,R-HSA-199418,R-HSA-202733,R-HSA-210990,R-HSA-210993,R-HSA-212436,R-HSA-2219528,R-HSA-2219530,R-HSA-2404192,R-HSA-2428924,R-HSA-2428928,R-HSA-2586552,R-HSA-373752,R-HSA-388841,R-HSA-389513,R-HSA-389948,R-HSA-391160,R-HSA-418346,R-HSA-418886,R-HSA-422475,R-HSA-432142,R-HSA-446652,R-HSA-449147,R-HSA-512988,R-HSA-5654687,R-HSA-5654689,R-HSA-5654693,R-HSA-5654695,R-HSA-5654696,R-HSA-5654700,R-HSA-5654706,R-HSA-5654708,R-HSA-5654710,R-HSA-5654712,R-HSA-5654716,R-HSA-5654720,R-HSA-5654726,R-HSA-5654727,R-HSA-5654732,R-HSA-5654733,R-HSA-5654736,R-HSA-5654738,R-HSA-5654741,R-HSA-5654743,R-HSA-5663202,R-HSA-5683057,R-HSA-5684996,R-HSA-6783589,R-HSA-6806834,R-HSA-6811558,R-HSA-73857,R-HSA-74160,R-HSA-74751,R-HSA-74752,R-HSA-76002,R-HSA-877300,R-HSA-877312,R-HSA-8853659,R-HSA-8854691,R-HSA-8865999,R-HSA-8878171,R-HSA-8934593,R-HSA-9006115,R-HSA-9006925,R-HSA-9006934,R-HSA-9008059,R-HSA-9028731,R-HSA-909733,R-HSA-912694,R-HSA-913531,R-HSA-936964,R-HSA-937061,R-HSA-9607240,R-HSA-9645135,SH-PTP2,SH-PTP3,SHP-2,SHP2,SHPTP2,Shp2,UPI000006F711,UPI000013296E,UPI000041C017,UPI0001F77D69,UPI0002065885,UPI000719A173,URS00008BDB9F,X70766,XM_011538613,XM_011538613.2,XM_017019722,XM_017019722.1,XP_011536915,XP_011536915.1,XP_016875211,XP_016875211.1,hsa:5781,uc001ttw.2,uc001ttx.4
RAF1	9606.ENSP00000401888	RAF proto-oncogene serine/threonine-protein kinase; Serine/threonine-protein kinase that acts as a regulatory link between the membrane-associated Ras GTPases and the MAPK/ERK cascade, and this critical regulatory link functions as a switch determining cell fate decisions including proliferation, differentiation, apoptosis, survival and oncogenic transformation. RAF1 activation initiates a mitogen-activated protein kinase (MAPK) cascade that comprises a sequential phosphorylation of the dual-specific MAPK kinases (MAP2K1/MEK1 and MAP2K2/MEK2) and the extracellular signal- regulated kin [...] 	https://smart.embl.de/smart/DDvec.cgi?smart=668:RBD(56|131)+C1(139|184)+Pfam_Pkinase_Tyr(369|626)+	1C1Y,1FAQ,1FAR,1GUA,1RFA,2.7.11.1,3CU8,3IQJ,3IQU,3IQV,3KUC,3KUD,3NKX,3O8I,3OMV,4FJ3,4G0N,4G3X,4IEA,4IHL,5894,A0A0B4J1W9,A0A0S2Z559,AAA60247.1,AAH18119.1,AAP03432.1,ABY87557.1,AC018500,AC026170,AGC09606.1,AK312248,ALQ33755.1,ALQ33756.1,AY271661,B0LPH8,B2R5N3,BAG35180.1,BC018119,C-Raf proto-oncogene, serine/threonine kinase,CAA27204.1,CAB019291,CCDS2612,CCDS2612.1,CCDS87047,CCDS87047.1,CH471055,CHEMBL1906,CMD1NN,CRAF,EAW64134.1,EAW64135.1,EC 2.7.11.1,ENSG00000132155,ENSP00000251849,ENSP00000391265,ENSP00000398591,ENSP00000401088,ENSP00000401697,ENSP00000401888,ENSP00000441186,ENSP00000443567,ENST00000251849,ENST00000251849.8,ENST00000415519,ENST00000416093,ENST00000416093.1,ENST00000423275,ENST00000423275.5,ENST00000432427,ENST00000432427.2,ENST00000442415,ENST00000442415.6,ENST00000460610,ENST00000460610.1,ENST00000465826,ENST00000465826.5,ENST00000471449,ENST00000471449.1,ENST00000475353,ENST00000475353.1,ENST00000491290,ENST00000491290.1,ENST00000492690,ENST00000492690.1,ENST00000494557,ENST00000494557.1,ENST00000534997,ENST00000542177,EU332868,H7C155,HGNC:9829,HPA002640,JX512459,KU178297,KU178298,L00206,L00207,L00208,L00209,L00210,L00211,L00212,L00213,L7RRS6,LRG_413,LRG_413t1,M11376,NM_001354689,NM_001354689.3,NM_001354690,NM_001354690.2,NM_001354691,NM_001354691.2,NM_001354692,NM_001354692.2,NM_001354693,NM_001354693.2,NM_001354694,NM_001354694.2,NM_001354695,NM_001354695.2,NM_002880,NM_002880.3,NP_001341618,NP_001341618.1,NP_001341619,NP_001341619.1,NP_001341620,NP_001341620.1,NP_001341621,NP_001341621.1,NP_001341622,NP_001341622.1,NP_001341623,NP_001341623.1,NP_001341624,NP_001341624.1,NP_002871,NP_002871.1,NR_148940,NR_148940.2,NR_148941,NR_148941.2,NR_148942,NR_148942.2,NS5,NX_P04049,OMIM:164760,OTTHUMG00000129789,P04049,Proto-oncogene c-RAF,Q15278,Q9UC20,R-HSA-109582,R-HSA-1280215,R-HSA-1280218,R-HSA-162582,R-HSA-1643685,R-HSA-168249,R-HSA-168256,R-HSA-2672351,R-HSA-382551,R-HSA-392517,R-HSA-430116,R-HSA-5621481,R-HSA-5621575,R-HSA-5663202,R-HSA-5673000,R-HSA-5673001,R-HSA-5674135,R-HSA-5674499,R-HSA-5675221,R-HSA-5683057,R-HSA-5684996,R-HSA-6802946,R-HSA-6802948,R-HSA-6802949,R-HSA-6802952,R-HSA-6802955,R-HSA-6802957,R-HSA-76002,R-HSA-9607240,R-HSA-9649948,R-HSA-983712,RAF,RAF1,RAF1-201,RAF1-202,RAF1-203,RAF1-204,RAF1-205,RAF1-206,RAF1-207,RAF1-208,RAF1-209,RAF1-210,RAF1-211,RAF1-212,RAF1_HUMAN,Raf-1,Raf-1 proto-oncogene, serine/threonine kinase,UPI0000049CFC,UPI000020AB65,UPI000178DE79,UPI0001D3B6FF,URS0000CF6031,URS0000D6E78F,URS0000EA7D90,URS0000EBF83F,X03484,X54851,XM_005265355.2,XM_011533974,XM_011533974.2,XM_011533974.3,XM_017006966,XM_017006966.1,XP_005265412.1,XP_011532276,XP_011532276.1,XP_016862455,XP_016862455.1,c-Raf,cRaf,hsa:5894,uc003bxf.5,v-raf-1 murine leukemia viral oncogene homolog 1
RB1	9606.ENSP00000267163	Retinoblastoma-associated protein; Key regulator of entry into cell division that acts as a tumor suppressor. Promotes G0-G1 transition when phosphorylated by CDK3/cyclin-C. Acts as a transcription repressor of E2F1 target genes. The underphosphorylated, active form of RB1 interacts with E2F1 and represses its transcription activity, leading to cell cycle arrest. Directly involved in heterochromatin formation by maintaining overall chromatin structure and, in particular, that of constitutive heterochromatin by stabilizing histone methylation. Recruits and targets histone methyltransfer [...] 	https://smart.embl.de/smart/DDvec.cgi?smart=928:DUF3452(103|229)+RB_A(373|573)+CYCLIN(660|761)+Rb_C(768|927)+	1AD6,1GH6,1GUX,1H25,1N4M,1O9K,1PJM,2AZE,2QDJ,2R7G,3N5U,3POM,4CRI,4ELJ,4ELL,5925,A0A024RDV3,A0A2R8Y743,A0A2R8YFL6,A0A3B3IS71,A8K5E3,AAA53483.1,AAA53484.1,AAA60259.1,AAA65735.1,AAA65736.1,AAA65737.1,AAA65738.1,AAA65739.1,AAA65740.1,AAA65741.1,AAA69806.1,AAA69807.1,AAA69808.1,AAB59465.1,AAB59467.1,AAB59471.1,AAB59473.1,AAB59482.1,AAH39060.1,AAH40540.1,AAN64133.1,AF551763,AK291258,AL136960,AL157813,AL392048,BAF83947.1,BC039060,BC040540,CAA34462.1,CAB000095,CAB016687,CCDS31973,CCDS31973.1,CH471075,CHEMBL5288,EAX08793.1,EAX08794.1,ENSG00000139687,ENSP00000267163,ENSP00000312888,ENSP00000367694,ENSP00000367695,ENSP00000434702,ENSP00000437642,ENSP00000496005,ENSP00000496556,ENSP00000497193,ENST00000267163,ENST00000267163.5,ENST00000320308,ENST00000378436,ENST00000378437,ENST00000467505,ENST00000467505.5,ENST00000480491,ENST00000480491.1,ENST00000484879,ENST00000484879.1,ENST00000525036,ENST00000525036.1,ENST00000531171,ENST00000531171.5,ENST00000542917,ENST00000643064,ENST00000643064.1,ENST00000646097,ENST00000646097.1,ENST00000650461,ENST00000650461.1,HGNC:9884,HPA050082,L11910,L35146,L35147,L41870,L41889,L41890,L41891,L41893,L41894,L41895,L41896,L41897,L41898,L41899,L41997,LRG_517,LRG_517t1,M15400,M19701,M27845,M27846,M27847,M27849,M27850,M27851,M27852,M27853,M27854,M27855,M27856,M27857,M27858,M27859,M27860,M27862,M27863,M27864,M27865,M27866,M28419,M33647,NM_000321,NM_000321.2,NP_000312,NP_000312.2,NX_P06400,OMIM:614041,OSRC,OTTHUMG00000016900,P06400,P78499,PPP1R130,Q5VW46,Q8IZL4,Q92728,R-HSA-113501,R-HSA-113510,R-HSA-1640170,R-HSA-212436,R-HSA-2262752,R-HSA-2299718,R-HSA-2559583,R-HSA-2559584,R-HSA-2559585,R-HSA-2559586,R-HSA-453279,R-HSA-68875,R-HSA-68886,R-HSA-69200,R-HSA-69202,R-HSA-69206,R-HSA-69231,R-HSA-69236,R-HSA-69242,R-HSA-69278,R-HSA-69656,R-HSA-73857,R-HSA-74160,R-HSA-8878166,R-HSA-8940973,R-HSA-8941326,R-HSA-8953897,RB,RB transcriptional corepressor 1,RB1,RB1-201,RB1-202,RB1-203,RB1-204,RB1-205,RB1-206,RB1-207,RB1-208,RB1-209,RB_HUMAN,Rb,Retinoblastoma-associated protein,UPI0000001C79,UPI0000071DD6,UPI00001FCD6E,UPI000D196760,UPI000E6F207C,URS00008B449B,URS0000D339D8,X16439,XM_011535171,XM_011535171.2,XP_011533473,XP_011533473.1,hsa:5925,osteosarcoma,p105-Rb,p110-RB1,pRb,pp110,prepro-retinoblastoma-associated protein,protein phosphatase 1, regulatory subunit 130,retinoblastoma 1,uc001vcb.4
RELA	9606.ENSP00000384273	Transcription factor p65; NF-kappa-B is a pleiotropic transcription factor present in almost all cell types and is the endpoint of a series of signal transduction events that are initiated by a vast array of stimuli related to many biological processes such as inflammation, immunity, differentiation, cell growth, tumorigenesis and apoptosis. NF-kappa-B is a homo- or heterodimeric complex formed by the Rel-like domain- containing proteins RELA/p65, RELB, NFKB1/p105, NFKB1/p50, REL and NFKB2/p52. The heterodimeric RELA-NFKB1 complex appears to be most abundant one. The dimers bind at kap [...] 	https://smart.embl.de/smart/DDvec.cgi?smart=551:Pfam_RHD_DNA_bind(21|186)+IPT(193|289)+	1NFI,2LSP,2O61,3GUT,3QXY,3RC0,4KV1,4KV4,5970,5U4K,5URN,A0A087WVP0,A0A087X0W8,AAA20946.1,AAA36408.1,AAH33522.1,AAI10831.1,AAR13863.1,AP001362,AY455868,BC033522,BC110830,CAA80524.2,CAB004264,CAB005030,CCDS31609,CCDS31609.1,CCDS44651,CCDS44651.1,CCDS73322,CCDS73322.1,CHEMBL5533,CMCU,E9PI38,E9PJR1,E9PJZ9,E9PKH5,E9PKV4,E9PM47,E9PMD5,E9PN69,E9PNK5,E9PNV4,E9PQS6,E9PRX2,E9PSE4,ENSG00000173039,ENSP00000310229,ENSP00000311444,ENSP00000311508,ENSP00000337654,ENSP00000384273,ENSP00000431153,ENSP00000431304,ENSP00000432537,ENSP00000432922,ENSP00000433144,ENSP00000433526,ENSP00000433616,ENSP00000434008,ENSP00000434098,ENSP00000434372,ENSP00000434745,ENSP00000435290,ENSP00000435531,ENSP00000436545,ENSP00000437137,ENSP00000437980,ENSP00000443700,ENSP00000479572,ENSP00000483705,ENST00000308546,ENST00000308568,ENST00000308639,ENST00000308639.13,ENST00000336386,ENST00000406246,ENST00000406246.7,ENST00000426617,ENST00000525301,ENST00000525301.5,ENST00000525658,ENST00000525658.5,ENST00000525693,ENST00000525693.5,ENST00000525858,ENST00000525858.5,ENST00000526257,ENST00000526257.1,ENST00000526283,ENST00000526283.6,ENST00000526738,ENST00000526738.1,ENST00000527074,ENST00000527074.5,ENST00000527749,ENST00000527749.5,ENST00000527874,ENST00000527874.1,ENST00000527909,ENST00000527909.5,ENST00000529330,ENST00000529330.1,ENST00000529389,ENST00000529389.5,ENST00000531238,ENST00000531238.1,ENST00000531484,ENST00000531484.5,ENST00000532776,ENST00000532776.5,ENST00000532879,ENST00000532879.5,ENST00000532999,ENST00000532999.5,ENST00000533187,ENST00000533187.5,ENST00000533546,ENST00000533546.5,ENST00000534283,ENST00000534283.1,ENST00000534305,ENST00000534305.1,ENST00000534558,ENST00000534558.5,ENST00000545816,ENST00000612991,ENST00000612991.4,ENST00000615805,ENST00000615805.4,H0YCB4,HGNC:9955,HPA063461,L19067,M62399,NFKB3,NM_001145138,NM_001145138.1,NM_001145138.2,NM_001243984,NM_001243984.1,NM_001243984.2,NM_001243985,NM_001243985.1,NM_021975,NM_021975.3,NM_021975.4,NP_001138610,NP_001138610.1,NP_001230913,NP_001230913.1,NP_001230914,NP_001230914.1,NP_068810,NP_068810.3,NX_Q04206,Nuclear factor NF-kappa-B p65 subunit,OMIM:164014,OTTHUMG00000166566,Q04206,Q2TAM5,Q6GTV1,Q6SLK1,R-HSA-1168372,R-HSA-1169091,R-HSA-1266738,R-HSA-1280215,R-HSA-1280218,R-HSA-1606322,R-HSA-162582,R-HSA-1643685,R-HSA-166016,R-HSA-166058,R-HSA-166166,R-HSA-168138,R-HSA-168142,R-HSA-168164,R-HSA-168176,R-HSA-168179,R-HSA-168181,R-HSA-168188,R-HSA-168249,R-HSA-168256,R-HSA-168643,R-HSA-168898,R-HSA-168928,R-HSA-1810476,R-HSA-181438,R-HSA-1834949,R-HSA-193639,R-HSA-193692,R-HSA-193704,R-HSA-202403,R-HSA-202424,R-HSA-209560,R-HSA-2262752,R-HSA-2454202,R-HSA-2559582,R-HSA-2559583,R-HSA-2871837,R-HSA-2990846,R-HSA-3108232,R-HSA-3134963,R-HSA-3214841,R-HSA-3247509,R-HSA-381340,R-HSA-392499,R-HSA-445989,R-HSA-446652,R-HSA-448706,R-HSA-449147,R-HSA-4755510,R-HSA-4839726,R-HSA-5260271,R-HSA-5602358,R-HSA-5603029,R-HSA-5607761,R-HSA-5607764,R-HSA-5621481,R-HSA-5621575,R-HSA-5660668,R-HSA-597592,R-HSA-622312,R-HSA-73887,R-HSA-844456,R-HSA-8953897,R-HSA-9020702,R-HSA-933542,R-HSA-937061,R-HSA-975138,R-HSA-975155,R-HSA-975871,R-HSA-983705,RELA,RELA proto-oncogene, NF-kB subunit,RELA-201,RELA-202,RELA-203,RELA-204,RELA-205,RELA-206,RELA-207,RELA-208,RELA-209,RELA-210,RELA-211,RELA-212,RELA-213,RELA-214,RELA-215,RELA-216,RELA-217,RELA-218,RELA-219,RELA-220,RELA-221,RELA-222,RELA-223,RELA-224,RELA-225,RELA-226,RELA-227,TF65_HUMAN,Transcription factor p65,UPI000013ED68,UPI00003B0CC1,UPI00004DCA8C,UPI00006633C3,UPI0000D4C112,UPI0001F77FF4,UPI0001F77FF5,UPI0001F77FF6,UPI0001F77FF7,UPI0001F77FF8,UPI0001F77FF9,UPI0001F77FFA,UPI0001F77FFB,UPI0001F77FFC,UPI0001F77FFD,UPI0001F77FFE,UPI0001F78000,UPI0003F47AFA,UPI0004E4CA8F,URS0000D0EE86,URS0000D6EC1F,XM_011545206,XM_011545206.2,XM_011545207,XM_011545207.2,XP_011543508,XP_011543508.1,XP_011543509,XP_011543509.1,Z22948,Z22949,Z22950,Z22951,Z22953,hsa:5970,p65,uc001ofg.4
RUNX1	9606.ENSP00000300305	Runt-related transcription factor 1; Forms the heterodimeric complex core-binding factor (CBF) with CBFB. RUNX members modulate the transcription of their target genes through recognizing the core consensus binding sequence 5'- TGTGGT-3', or very rarely, 5'-TGCGGT-3', within their regulatory regions via their runt domain, while CBFB is a non-DNA-binding regulatory subunit that allosterically enhances the sequence-specific DNA-binding capacity of RUNX. The heterodimers bind to the core site of a number of enhancers and promoters, including murine leukemia virus, polyomavirus enhancer, T [...] 	https://smart.embl.de/smart/DDvec.cgi?smart=480:Pfam_Runt(78|207)+Pfam_RunxI(389|480)+	1CMO,1CO1,1E50,1H9D,1LJM,861,A0A0C4DG58,A8MV94,A8MZI9,AAA03086.1,AAA51720.1,AAB29907.1,AAB33729.1,AAB33730.1,AAB33731.1,AAB34819.2,AAB34820.2,AAB51691.1,AAC05246.1,AAC05247.1,AAI36381.1,AAI36382.1,AAI44054.1,AF015262,AF025841,AJ229043,AML1,AML1-EVI-1,AMLCR1,AP000330,AP000331,AP000332,AP000333,AP000334,Acute myeloid leukemia 1 protein,B2RMS4,BAA01426.1,BAA03089.1,BAA03559.1,BAA03560.1,BAA07902.1,BAA07903.1,BAA07904.1,BAA14020.1,BAA14021.1,BAA14022.1,BC136380,BC136381,BC144053,C9JWM1,CAA13070.1,CAA56092.1,CAA62464.1,CAA62466.1,CBF-alpha-2,CBF2alpha,CBFA2,CCDS13639,CCDS13639.1,CCDS42922,CCDS42922.1,CCDS46646,CCDS46646.1,CH471079,Core-binding factor subunit alpha-2,D10570,D13979,D14822,D14823,D3DSG1,D43967,D43968,D43969,D89788,D89789,D89790,EAX09769.1,EAX09770.1,ENSG00000159216,ENSP00000300305,ENSP00000319459,ENSP00000340690,ENSP00000342892,ENSP00000349079,ENSP00000351123,ENSP00000382182,ENSP00000382184,ENSP00000382189,ENSP00000388189,ENSP00000395947,ENSP00000399335,ENSP00000405158,ENSP00000409227,ENSP00000438019,ENSP00000477067,ENSP00000477072,ENST00000300305,ENST00000300305.7,ENST00000325074,ENST00000342083,ENST00000344691,ENST00000344691.8,ENST00000356656,ENST00000358356,ENST00000358356.9,ENST00000399237,ENST00000399237.6,ENST00000399240,ENST00000399240.5,ENST00000399245,ENST00000416754,ENST00000416754.1,ENST00000431176,ENST00000437180,ENST00000437180.5,ENST00000455571,ENST00000455571.5,ENST00000457086,ENST00000460207,ENST00000460207.1,ENST00000467577,ENST00000467577.1,ENST00000467692,ENST00000467692.5,ENST00000468726,ENST00000468726.1,ENST00000469087,ENST00000469087.1,ENST00000475045,ENST00000475045.6,ENST00000479325,ENST00000479325.1,ENST00000482318,ENST00000482318.5,ENST00000486278,ENST00000494829,ENST00000494829.1,EVI-1,H9KVB1,HGNC:10471,HPA004176,HPA037912,KF457236,KF457239,KF457241,L21756,L34598,LRG_482,LRG_482t1,NM_001001890,NM_001001890.2,NM_001001890.3,NM_001122607,NM_001122607.1,NM_001122607.2,NM_001754,NM_001754.4,NP_001001890,NP_001001890.1,NP_001116079,NP_001116079.1,NP_001745,NP_001745.2,NR_073512,NR_073512.1,NX_Q01196,O60472,O60473,O76047,O76089,OMIM:151385,OTTHUMG00000086299,Oncogene AML-1,PEA2-alpha B,PEBP2-alpha B,PEBP2A2,PEBP2aB,PEBP2alpha,Q01196,Q13081,Q13755,Q13756,Q13757,Q13758,Q13759,Q15341,Q15343,Q16122,Q16284,Q16285,Q16286,Q16346,Q16347,Q92479,R-HSA-1266738,R-HSA-157118,R-HSA-162582,R-HSA-1912408,R-HSA-1912422,R-HSA-212436,R-HSA-382551,R-HSA-425366,R-HSA-425407,R-HSA-549127,R-HSA-549132,R-HSA-73857,R-HSA-74160,R-HSA-8877330,R-HSA-8878159,R-HSA-8878166,R-HSA-8878171,R-HSA-8931987,R-HSA-8934593,R-HSA-8935964,R-HSA-8936459,R-HSA-8939211,R-HSA-8939236,R-HSA-8939242,R-HSA-8939243,R-HSA-8939245,R-HSA-8939246,R-HSA-8939247,R-HSA-8939256,R-HSA-8941333,R-HSA-8951911,R-HSA-8951936,R-HSA-9006931,R-HSA-9018519,R-HSA-9616222,RUNX family transcription factor 1,RUNX1,RUNX1-201,RUNX1-202,RUNX1-203,RUNX1-204,RUNX1-205,RUNX1-206,RUNX1-207,RUNX1-208,RUNX1-209,RUNX1-210,RUNX1-211,RUNX1-212,RUNX1-213,RUNX1-214,RUNX1-215,RUNX1-216,RUNX1-217,RUNX1_HUMAN,Runt-related transcription factor 1,S50186,S60998,S69002,S74092,S76345,S76346,S76350,S78158,S78159,S78496,SL3-3 enhancer factor 1 alpha B subunit,SL3/AKV core-binding factor alpha B subunit,U19601,UPI000002B2EA,UPI0000141569,UPI000015FE6A,UPI000016AFAE,UPI0000D4E9C0,UPI0000E5A3B0,UPI0000E5A3B1,UPI0003B928DC,UPI0003B92906,URS00008B4C57,URS00008B6074,URS00008B6B95,URS00008BA4CA,URS0000D5A9CF,URS0000D6E6FD,V9GYT3,V9GYT5,X79549,X90976,X90979,XM_005261068,XM_005261068.3,XM_011529766,XM_011529766.2,XM_017028487,XM_017028487.1,XP_005261125,XP_005261125.1,XP_011528068,XP_011528068.1,XP_016883976,XP_016883976.1,acute myeloid leukemia 1,aml1 oncogene,hsa:861,runt related transcription factor 1,runt-related transcription factor 1,uc002yuh.3,uc002yuk.6
SHC1	9606.ENSP00000401303	SHC-transforming protein 1; Signaling adapter that couples activated growth factor receptors to signaling pathways. Participates in a signaling cascade initiated by activated KIT and KITLG/SCF. Isoform p46Shc and isoform p52Shc, once phosphorylated, couple activated receptor tyrosine kinases to Ras via the recruitment of the GRB2/SOS complex and are implicated in the cytoplasmic propagation of mitogenic signals. Isoform p46Shc and isoform p52Shc may thus function as initiators of the Ras signaling cascade in various non-neuronal systems. Isoform p66Shc does not mediate Ras activation,  [...] 	https://smart.embl.de/smart/DDvec.cgi?smart=584:PTB(157|321)+SH2(487|566)+	1MIL,1N3H,1OY2,1QG1,1SHC,1TCE,1WCP,2L1C,4JMH,4XWX,5CZI,6464,6DM4,AAB49972.1,AAH14158.1,AAH33925.1,AB451255,AB451379,AK292143,AK315842,AL451085,B5BU19,BAF84832.1,BAF98733.1,BAG70069.1,BAG70193.1,BC014158,BC033925,CAA48251.1,CAA70977.1,CAB005374,CAB016305,CCDS1076,CCDS1076.1,CCDS30881,CCDS30881.1,CCDS44233,CCDS44233.1,CCDS44234,CCDS44234.1,CH471121,CHEMBL5626,D3DV78,EAW53168.1,EAW53169.1,EAW53170.1,EAW53171.1,ENSG00000160691,ENSP00000292182,ENSP00000310988,ENSP00000312172,ENSP00000320594,ENSP00000336919,ENSP00000357426,ENSP00000357427,ENSP00000357428,ENSP00000357430,ENSP00000357432,ENSP00000357434,ENSP00000357435,ENSP00000357438,ENSP00000376283,ENSP00000396162,ENSP00000396333,ENSP00000398441,ENSP00000398864,ENSP00000401303,ENSP00000404908,ENSP00000431683,ENSP00000475850,ENST00000292182,ENST00000308828,ENST00000309053,ENST00000327144,ENST00000336744,ENST00000366442,ENST00000366442.2,ENST00000368441,ENST00000368442,ENST00000368443,ENST00000368445,ENST00000368445.9,ENST00000368447,ENST00000368449,ENST00000368449.8,ENST00000368450,ENST00000368450.5,ENST00000368453,ENST00000368453.8,ENST00000392494,ENST00000412170,ENST00000412170.5,ENST00000414115,ENST00000414115.5,ENST00000444179,ENST00000444179.5,ENST00000444664,ENST00000444664.5,ENST00000448116,ENST00000448116.6,ENST00000490667,ENST00000490667.1,ENST00000532863,ENST00000606391,H0Y539,HGNC:10840,HPA001844,NM_001130040,NM_001130040.1,NM_001130040.2,NM_001130041,NM_001130041.1,NM_001130041.2,NM_001202859,NM_001202859.1,NM_001202859.2,NM_003029,NM_003029.4,NM_003029.5,NM_183001,NM_183001.4,NM_183001.5,NP_001123512,NP_001123512.1,NP_001123513,NP_001123513.1,NP_001189788,NP_001189788.1,NP_003020,NP_003020.2,NP_892113,NP_892113.4,NX_P29353,O15290,OMIM:600560,OTTHUMG00000037295,P29353,Q5T180,Q5T181,Q5T182,Q5T183,Q5T184,Q5T185,Q5T186,Q5T187,Q5T188,Q8N4K5,Q96CL1,R-HSA-109582,R-HSA-1227986,R-HSA-1236382,R-HSA-1236394,R-HSA-1250196,R-HSA-1250347,R-HSA-1266738,R-HSA-1280215,R-HSA-162582,R-HSA-1643685,R-HSA-1643713,R-HSA-166520,R-HSA-167044,R-HSA-168249,R-HSA-168256,R-HSA-177929,R-HSA-180336,R-HSA-187037,R-HSA-187687,R-HSA-190236,R-HSA-202733,R-HSA-210993,R-HSA-2172127,R-HSA-2404192,R-HSA-2424491,R-HSA-2428924,R-HSA-2428933,R-HSA-2454202,R-HSA-2730905,R-HSA-2871796,R-HSA-2871809,R-HSA-354192,R-HSA-381038,R-HSA-381070,R-HSA-381119,R-HSA-392499,R-HSA-422475,R-HSA-449147,R-HSA-451927,R-HSA-512988,R-HSA-5637810,R-HSA-5637812,R-HSA-5637815,R-HSA-5654687,R-HSA-5654688,R-HSA-5654696,R-HSA-5654699,R-HSA-5654704,R-HSA-5654708,R-HSA-5654716,R-HSA-5654719,R-HSA-5654736,R-HSA-5654738,R-HSA-5654741,R-HSA-5654743,R-HSA-5663202,R-HSA-5673001,R-HSA-5683057,R-HSA-5684996,R-HSA-6806834,R-HSA-74749,R-HSA-74751,R-HSA-74752,R-HSA-76002,R-HSA-76009,R-HSA-8851805,R-HSA-8853659,R-HSA-8939211,R-HSA-8983432,R-HSA-9006115,R-HSA-9006335,R-HSA-9006921,R-HSA-9006931,R-HSA-9006934,R-HSA-9009391,R-HSA-9020558,R-HSA-9026519,R-HSA-9027284,R-HSA-9034015,R-HSA-9034864,R-HSA-912526,R-HSA-9607240,SH2 domain protein C1,SHC,SHC adaptor protein 1,SHC-transforming protein 1,SHC-transforming protein 3,SHC-transforming protein A,SHC1,SHC1-201,SHC1-202,SHC1-203,SHC1-204,SHC1-205,SHC1-206,SHC1-207,SHC1-208,SHC1-209,SHC1-210,SHC1-211,SHC1_HUMAN,SHCA,ShcA,U73377,UPI00000726C0,UPI000013EE17,UPI0000149CB2,UPI00002048B4,UPI00004700C8,UPI00004700CA,UPI00004700CB,UPI000059D04C,UPI0000E05BFF,UPI0003F47A0C,URS0000D6DD19,X68148,X6R6D0,XM_005245449,XM_005245449.5,XM_005245451,XM_005245451.4,XM_011509892,XM_011509892.3,XM_011509893,XM_011509893.3,XM_011509894,XM_011509894.3,XM_011509897,XM_011509897.1,XM_011509898,XM_011509898.2,XM_017002081,XM_017002081.2,XM_017002082,XM_017002082.2,XM_017002083,XM_017002083.1,XM_024449083,XM_024449083.1,XM_024449084,XM_024449084.1,XP_005245506,XP_005245506.1,XP_005245508,XP_005245508.1,XP_011508194,XP_011508194.1,XP_011508195,XP_011508195.1,XP_011508196,XP_011508196.1,XP_011508199,XP_011508199.1,XP_011508200,XP_011508200.1,XP_016857570,XP_016857570.1,XP_016857571,XP_016857571.1,XP_016857572,XP_016857572.1,XP_024304851,XP_024304851.1,XP_024304852,XP_024304852.1,Y09847,hsa:6464,p66,uc001ffv.4,uc001ffx.4
SHC2	9606.ENSP00000264554	SHC-transforming protein 2; Signaling adapter that couples activated growth factor receptors to signaling pathway in neurons. Involved in the signal transduction pathways of neurotrophin-activated Trk receptors in cortical neurons (By similarity).	https://smart.embl.de/smart/DDvec.cgi?smart=582:PTB(148|311)+SH2(485|564)+	25759,AB001451,AC006124,AC008988,AC138433,AL360254,BAA25798.1,CAB96175.1,CCDS45891,CCDS45891.1,CHEMBL3299,ENSG00000129946,ENSP00000264554,ENSP00000465764,ENSP00000466869,ENSP00000475250,ENSP00000476217,ENST00000264554,ENST00000264554.10,ENST00000587423,ENST00000587423.5,ENST00000588376,ENST00000588376.5,ENST00000589922,ENST00000590113,ENST00000590113.4,ENST00000590170,ENST00000590170.3,ENST00000590222,ENST00000590222.5,ENST00000591388,HGNC:29869,HPA006136,K7EKS8,K7ENB2,NM_012435,NM_012435.2,NP_036567,NP_036567.2,NX_P98077,O60230,OMIM:605217,OTTHUMG00000180545,P98077,Protein Sck,Q9NPL5,Q9UCX4,R-HSA-1280215,R-HSA-162582,R-HSA-166520,R-HSA-167044,R-HSA-168256,R-HSA-187037,R-HSA-187687,R-HSA-194138,R-HSA-4420097,R-HSA-5673001,R-HSA-5683057,R-HSA-5684996,R-HSA-9006934,R-HSA-9607240,SCK,SH2 domain protein C2,SHC adaptor protein 2,SHC-transforming protein 2,SHC-transforming protein B,SHC2,SHC2-201,SHC2-202,SHC2-203,SHC2-204,SHC2-205,SHC2-206,SHC2_HUMAN,SHCB,SLI,UPI0000DD84C2,UPI0002840979,UPI00064546A5,XM_011527893,XM_011527893.3,XM_011527894,XM_011527894.2,XM_011527895,XM_011527895.2,XM_011527896,XM_011527896.2,XP_011526195,XP_011526195.1,XP_011526196,XP_011526196.1,XP_011526197,XP_011526197.1,XP_011526198,XP_011526198.1,hsa:25759,neuronal Shc adaptor homolog,uc002loq.4
SHC3	9606.ENSP00000364995	SHC-transforming protein 3; Signaling adapter that couples activated growth factor receptors to signaling pathway in neurons. Involved in the signal transduction pathways of neurotrophin-activated Trk receptors in cortical neurons.	https://smart.embl.de/smart/DDvec.cgi?smart=594:PTB(150|314)+SH2(497|576)+	53358,AAH26314.1,AL160054,AL353150,AL772202,BAA12322.1,BAA12323.1,BC026314,CCDS6681,CCDS6681.1,D84361,ENSG00000148082,ENSP00000277153,ENSP00000364990,ENSP00000364991,ENSP00000364995,ENST00000277153,ENST00000375830,ENST00000375831,ENST00000375831.1,ENST00000375835,ENST00000375835.8,HGNC:18181,HPA031427,HPA046656,HPA072448,N-Shc,NM_016848,NM_016848.5,NM_016848.6,NP_058544,NP_058544.3,NSHC,NX_Q92529,Neuronal Shc,OMIM:605263,OTTHUMG00000020179,Protein Rai,Q5T7I7,Q5T7I8,Q8TAP2,Q92529,Q9UCX5,R-HSA-1266738,R-HSA-1280215,R-HSA-162582,R-HSA-166520,R-HSA-167044,R-HSA-168256,R-HSA-187037,R-HSA-187687,R-HSA-422475,R-HSA-5673001,R-HSA-5683057,R-HSA-5684996,R-HSA-8853659,R-HSA-9006934,R-HSA-9607240,RAI,SH2 domain protein C3,SHC adaptor protein 3,SHC-transforming protein 3,SHC-transforming protein C,SHC3,SHC3-201,SHC3-202,SHC3_HUMAN,SHCC,UPI0000073E1F,UPI000046FE77,XM_011518785,XM_011518785.3,XM_011518786,XM_011518786.3,XP_011517087,XP_011517087.1,XP_011517088,XP_011517088.1,hsa:53358,uc004aqf.2
SHC4	9606.ENSP00000329668	SHC-transforming protein 4; Activates both Ras-dependent and Ras-independent migratory pathways in melanomas. Contributes to the early phases of agrin-induced tyrosine phosphorylation of CHRNB1.	https://smart.embl.de/smart/DDvec.cgi?smart=630:PTB(187|351)+SH2(524|603)+	399694,AAH33907.1,AAQ88617.1,AAR19363.1,AC012379,AC091073,AY358250,AY464565,BC033907,CCDS10130,CCDS10130.1,ENSG00000185634,ENSP00000329668,ENSP00000379786,ENSP00000443300,ENSP00000453344,ENSP00000453397,ENST00000332408,ENST00000332408.8,ENST00000396535,ENST00000396535.7,ENST00000537958,ENST00000537958.5,ENST00000557797,ENST00000557797.5,ENST00000558220,ENST00000558220.1,ENST00000559289,ENST00000559289.1,F5H5M1,H0YLU6,H0YLZ2,HGNC:16743,HPA074146,NM_203349,NM_203349.3,NM_203349.4,NP_976224,NP_976224.3,NX_Q6S5L8,OMIM:617372,OTTHUMG00000131513,Q6S5L8,Q6UXQ3,Q8IYW3,RaLP,Rai-like protein,SH2 domain protein C4,SHC adaptor protein 4,SHC-transforming protein 4,SHC-transforming protein D,SHC4,SHC4-201,SHC4-202,SHC4-203,SHC4-204,SHC4-205,SHC4-206,SHC4_HUMAN,SHCD,UNQ6438/PRO21364,UPI00001B00C8,UPI00001D6961,UPI00001FE464,UPI00022F84CA,UPI00022F84CB,URS00008BEF08,XM_005254375,XM_005254375.3,XP_005254432,XP_005254432.1,hShcD,hsa:399694,rai-like protein,uc001zxb.2
SMAD3	9606.ENSP00000332973	Mothers against decapentaplegic homolog 3; Receptor-regulated SMAD (R-SMAD) that is an intracellular signal transducer and transcriptional modulator activated by TGF-beta (transforming growth factor) and activin type 1 receptor kinases. Binds the TRE element in the promoter region of many genes that are regulated by TGF-beta and, on formation of the SMAD3/SMAD4 complex, activates transcription. Also can form a SMAD3/SMAD4/JUN/FOS complex at the AP- 1/SMAD site to regulate TGF-beta-mediated transcription. Has an inhibitory effect on wound healing probably by modulating both growth and m [...] 	https://smart.embl.de/smart/DDvec.cgi?smart=425:DWA(26|134)+DWB(230|401)+	1MHD,1MJS,1MK2,1OZJ,1U7F,2LAJ,2LB2,4088,5OD6,5ODG,5XOC,A0A024R5Z3,A8K4B6,AAB18967.1,AAB80960.1,AAH50743.1,AAL68976.1,AB004930,AC012568,AC087482,AF025293,AF025294,AF025295,AF025296,AF025297,AF025298,AF025299,AF025300,AK290881,AK298139,AK300614,AK316017,B7Z4Z5,B7Z6M9,B7Z9Q2,BAA22032.1,BAF83570.1,BAH12731.1,BAH13315.1,BAH14388.1,BC050743,CAB008094,CAB069409,CCDS10222,CCDS10222.1,CCDS45288,CCDS45288.1,CCDS53950,CCDS53950.1,CCDS53951,CCDS53951.1,CH471082,CHEMBL1293258,EAW77788.1,EAW77789.1,EAW77790.1,ENSG00000166949,ENSP00000300214,ENSP00000332644,ENSP00000332973,ENSP00000401133,ENSP00000437757,ENSP00000441856,ENSP00000445348,ENSP00000452767,ENSP00000453049,ENSP00000453082,ENSP00000453684,ENSP00000453788,ENSP00000454165,ENSP00000455095,ENSP00000455540,ENSP00000458060,ENST00000300214,ENST00000327367,ENST00000327367.8,ENST00000327422,ENST00000439724,ENST00000439724.7,ENST00000535241,ENST00000537194,ENST00000537194.6,ENST00000540846,ENST00000540846.6,ENST00000558428,ENST00000558428.5,ENST00000558739,ENST00000558739.1,ENST00000558763,ENST00000558763.1,ENST00000558827,ENST00000558827.1,ENST00000558894,ENST00000558894.5,ENST00000559092,ENST00000559092.1,ENST00000559460,ENST00000559460.5,ENST00000559937,ENST00000559937.1,ENST00000560175,ENST00000560175.5,ENST00000560402,ENST00000560402.1,ENST00000560424,ENST00000560424.1,F5H383,H0YKE2,H0YL71,H0YMP2,H0YMY0,H0YNV1,H3BP09,H3BQ00,H3BVD1,HGNC:6769,HPA046386,HPA067203,HSPC193,HsT17436,JV15-2,LDS1C,LDS3,MAD homolog 3,MADH3,Mad3,Mothers against DPP homolog 3,Mothers against decapentaplegic homolog 3,NM_001145102,NM_001145102.1,NM_001145103,NM_001145103.1,NM_001145104,NM_001145104.1,NM_005902,NM_005902.3,NM_005902.4,NP_001138574,NP_001138574.1,NP_001138575,NP_001138575.1,NP_001138576,NP_001138576.1,NP_005893,NP_005893.1,NX_P84022,O09064,O09144,O14510,O35273,OMIM:603109,OTTHUMG00000133230,P84022,Q92940,Q93002,Q9GKR4,R-HSA-1181150,R-HSA-1266738,R-HSA-1280215,R-HSA-1502540,R-HSA-157118,R-HSA-162582,R-HSA-1643685,R-HSA-168256,R-HSA-170834,R-HSA-212436,R-HSA-2173788,R-HSA-2173789,R-HSA-2173793,R-HSA-2173795,R-HSA-2173796,R-HSA-3304347,R-HSA-3304349,R-HSA-3304351,R-HSA-3304356,R-HSA-3311021,R-HSA-3315487,R-HSA-3656532,R-HSA-3656534,R-HSA-392499,R-HSA-446652,R-HSA-449147,R-HSA-5663202,R-HSA-5688426,R-HSA-5689880,R-HSA-597592,R-HSA-73857,R-HSA-74160,R-HSA-8878159,R-HSA-8941855,R-HSA-8952158,R-HSA-9006936,R-HSA-9008059,R-HSA-9013694,R-HSA-9013695,R-HSA-9614085,R-HSA-9615017,R-HSA-9617828,SMAD 3,SMAD family member 3,SMAD, mothers against DPP homolog 3 (Drosophila),SMAD3,SMAD3-201,SMAD3-202,SMAD3-203,SMAD3-204,SMAD3-205,SMAD3-206,SMAD3-207,SMAD3-208,SMAD3-209,SMAD3-210,SMAD3-211,SMAD3-212,SMAD3-213,SMAD3-214,SMAD3-215,SMAD3_HUMAN,Smad3,U68019,U76622,UPI0000023A91,UPI000047B413,UPI0001915047,UPI000192B90A,UPI00022F86A8,UPI00022F86AA,UPI00022F86AB,UPI00022F86AC,UPI0002467383,UPI0002467384,UPI0002467385,UPI0003F4839C,URS00008BCE2F,XM_011521559,XM_011521559.3,XM_011521560,XM_011521560.1,XP_011519861,XP_011519861.1,XP_011519862,XP_011519862.1,hMAD-3,hSMAD3,hsa:4088,uc002aqj.4
SMAD4	9606.ENSP00000341551	Mothers against decapentaplegic homolog 4; In muscle physiology, plays a central role in the balance between atrophy and hypertrophy. When recruited by MSTN, promotes atrophy response via phosphorylated SMAD2/4. MSTN decrease causes SMAD4 release and subsequent recruitment by the BMP pathway to promote hypertrophy via phosphorylated SMAD1/5/8. Acts synergistically with SMAD1 and YY1 in bone morphogenetic protein (BMP)-mediated cardiac- specific gene expression. Binds to SMAD binding elements (SBEs) (5'- GTCT/AGAC-3') within BMP response element (BMPRE) of cardiac activating regions (By [...] 	https://smart.embl.de/smart/DDvec.cgi?smart=552:DWA(31|140)+DWB(321|530)+	1DD1,1G88,1MR1,1U7F,1U7V,1YGS,4089,5C4V,5MEY,5MEZ,5MF0,5UWU,A0A024R274,A0A087WUF3,A8K405,AAA91041.1,AAC03051.1,AAH02379.1,AC091551,AF045438,AF045439,AF045440,AF045441,AF045442,AF045443,AF045444,AF045445,AF045446,AF045447,AK290770,ALQ33626.1,BAF83459.1,BC002379,CCDS11950,CCDS11950.1,CH471096,DPC4,Deletion target in pancreatic carcinoma 4,EAW62985.1,EAW62986.1,EAW62987.1,ENSG00000141646,ENSP00000269473,ENSP00000341551,ENSP00000381452,ENSP00000409551,ENSP00000443830,ENSP00000464772,ENSP00000464901,ENSP00000465874,ENSP00000465878,ENSP00000466118,ENSP00000466934,ENSP00000466941,ENSP00000468611,ENSP00000478613,ENST00000269473,ENST00000342988,ENST00000342988.7,ENST00000398417,ENST00000398417.6,ENST00000452201,ENST00000544926,ENST00000585448,ENST00000585448.1,ENST00000586253,ENST00000586253.1,ENST00000588745,ENST00000588745.5,ENST00000588860,ENST00000588860.5,ENST00000589076,ENST00000589076.5,ENST00000589706,ENST00000589706.1,ENST00000589941,ENST00000589941.1,ENST00000590061,ENST00000590061.1,ENST00000590499,ENST00000590499.1,ENST00000591126,ENST00000591126.5,ENST00000591914,ENST00000592186,ENST00000592186.5,ENST00000592911,ENST00000592911.5,ENST00000593223,ENST00000593223.1,ENST00000611848,ENST00000611848.1,HGNC:6770,HPA019154,JIP,K7EIJ2,K7EIU8,K7EL15,K7EL18,K7ELK2,K7ENG1,K7ES96,KU178168,LRG_318,LRG_318t1,MAD homolog 4,MADH4,MYHRS,Mothers against DPP homolog 4,Mothers against decapentaplegic homolog 4,NM_005359,NM_005359.5,NM_005359.6,NP_005350,NP_005350.1,NX_Q13485,OMIM:600993,OTTHUMG00000132696,Q13485,R-HSA-1181150,R-HSA-1266738,R-HSA-1502540,R-HSA-162582,R-HSA-1643685,R-HSA-170834,R-HSA-201451,R-HSA-212436,R-HSA-2173789,R-HSA-2173793,R-HSA-2173795,R-HSA-2173796,R-HSA-3304347,R-HSA-3304349,R-HSA-3304351,R-HSA-3311021,R-HSA-3315487,R-HSA-392499,R-HSA-452723,R-HSA-5663202,R-HSA-5688426,R-HSA-5689880,R-HSA-597592,R-HSA-73857,R-HSA-74160,R-HSA-8878159,R-HSA-8878166,R-HSA-8941326,R-HSA-8941855,R-HSA-8952158,R-HSA-9006936,R-HSA-9614085,R-HSA-9615017,R-HSA-9617828,SMAD 4,SMAD family member 4,SMAD, mothers against DPP homolog 4 (Drosophila),SMAD4,SMAD4-201,SMAD4-202,SMAD4-203,SMAD4-204,SMAD4-205,SMAD4-206,SMAD4-207,SMAD4-208,SMAD4-209,SMAD4-210,SMAD4-211,SMAD4-212,SMAD4-213,SMAD4-214,SMAD4-215,SMAD4-216,SMAD4_HUMAN,Smad4,U44378,UPI0000053431,UPI0002840E93,UPI0002840E95,UPI0002840E97,UPI0002840E98,UPI0002840E99,UPI0002840E9A,UPI0003F47C95,UPI0004620DD0,URS0000E9F6CB,URS0000EAAC3E,URS0000EB48AF,hSMAD4,hsa:4089,uc010xdp.3,uc060pfa.1
SOS1	9606.ENSP00000384675	Son of sevenless homolog 1; Promotes the exchange of Ras-bound GDP by GTP. Probably by promoting Ras activation, regulates phosphorylation of MAP kinase MAPK3 in response to EGF. Catalytic component of a trimeric complex that participates in transduction of signals from Ras to Rac by promoting the Rac-specific guanine nucleotide exchange factor (GEF) activity (By similarity).	https://smart.embl.de/smart/DDvec.cgi?smart=1333:Pfam_Histone(40|169)+RhoGEF(204|389)+PH(444|548)+RasGEFN(596|741)+RasGEF(776|1020)+	1AWE,1BKD,1DBH,1NVU,1NVV,1NVW,1NVX,1Q9C,1XD2,1XD4,1XDV,2II0,3KSY,4NYI,4NYJ,4NYM,4URU,4URV,4URW,4URX,4URY,4URZ,4US0,4US1,4US2,5OVD,5OVE,5OVF,5OVG,5OVH,5OVI,5WFO,5WFP,5WFQ,5WFR,6654,6BVI,6BVJ,6BVK,6BVL,6BVM,6CUO,6CUP,6CUR,6D55,6D56,6D59,6D5E,6D5G,6D5H,6D5J,6D5L,6D5M,6D5V,6D5W,6EPL,6EPM,6EPN,6EPO,6EPP,6F08,A8K2G3,AAA35913.1,AC019171,AC092672,AK290228,AK301960,B4DXG2,BAF82917.1,BAG63374.1,C9K0N6,CAB005396,CCDS1802,CCDS1802.1,CH471053,CHEMBL2079846,EAX00351.1,EAX00353.1,ENSG00000115904,ENSP00000263879,ENSP00000378479,ENSP00000384675,ENSP00000387784,ENSP00000393899,ENSP00000399992,ENSP00000441172,ENST00000263879,ENST00000395038,ENST00000395038.6,ENST00000402219,ENST00000402219.6,ENST00000426016,ENST00000428721,ENST00000451331,ENST00000451331.1,ENST00000461545,ENST00000461545.1,ENST00000469581,ENST00000469581.1,ENST00000472480,ENST00000472480.1,ENST00000474390,ENST00000474390.1,ENST00000543698,G5E9C8,GF1,GGF1,GINGF,HGF,HGNC:11187,HPA012613,L13857,LRG_754,LRG_754t1,NM_005633,NM_005633.3,NP_005624,NP_005624.2,NS4,NX_Q07889,OMIM:182530,OTTHUMG00000102109,Q07889,R-HSA-109582,R-HSA-112399,R-HSA-112412,R-HSA-1226099,R-HSA-1227986,R-HSA-1236382,R-HSA-1236394,R-HSA-1250196,R-HSA-1250347,R-HSA-1266738,R-HSA-1280215,R-HSA-1280218,R-HSA-1433557,R-HSA-1433559,R-HSA-162582,R-HSA-1643685,R-HSA-1643713,R-HSA-166520,R-HSA-167044,R-HSA-168249,R-HSA-168256,R-HSA-177929,R-HSA-179812,R-HSA-180336,R-HSA-186763,R-HSA-186797,R-HSA-187037,R-HSA-187687,R-HSA-190236,R-HSA-193648,R-HSA-193704,R-HSA-194315,R-HSA-194840,R-HSA-1963640,R-HSA-202733,R-HSA-204998,R-HSA-210993,R-HSA-2172127,R-HSA-2179392,R-HSA-2404192,R-HSA-2424491,R-HSA-2428924,R-HSA-2428928,R-HSA-2428933,R-HSA-2454202,R-HSA-2730905,R-HSA-2871796,R-HSA-2871809,R-HSA-354192,R-HSA-354194,R-HSA-372790,R-HSA-375165,R-HSA-376176,R-HSA-388396,R-HSA-416476,R-HSA-416482,R-HSA-422475,R-HSA-428540,R-HSA-449147,R-HSA-451927,R-HSA-512988,R-HSA-5637810,R-HSA-5637812,R-HSA-5637815,R-HSA-5654687,R-HSA-5654688,R-HSA-5654693,R-HSA-5654696,R-HSA-5654699,R-HSA-5654700,R-HSA-5654704,R-HSA-5654706,R-HSA-5654708,R-HSA-5654712,R-HSA-5654716,R-HSA-5654719,R-HSA-5654736,R-HSA-5654738,R-HSA-5654741,R-HSA-5654743,R-HSA-5655253,R-HSA-5655291,R-HSA-5655302,R-HSA-5655332,R-HSA-5663202,R-HSA-5673001,R-HSA-5683057,R-HSA-5684996,R-HSA-6806834,R-HSA-73887,R-HSA-74749,R-HSA-74751,R-HSA-74752,R-HSA-76002,R-HSA-76009,R-HSA-881907,R-HSA-8851805,R-HSA-8853334,R-HSA-8853338,R-HSA-8853659,R-HSA-8983432,R-HSA-9006115,R-HSA-9006335,R-HSA-9006921,R-HSA-9006934,R-HSA-9026519,R-HSA-9027284,R-HSA-9028731,R-HSA-9034015,R-HSA-9034864,R-HSA-912526,R-HSA-9607240,R-HSA-983695,R-HSA-983705,SOS Ras/Rac guanine nucleotide exchange factor 1,SOS-1,SOS1,SOS1-201,SOS1-202,SOS1-203,SOS1-204,SOS1-205,SOS1-206,SOS1-207,SOS1_HUMAN,Son of sevenless,Son of sevenless homolog 1,UPI0000135CF0,UPI0000E5A254,UPI000188157E,URS00008C1908,URS0000D6E3C7,URS0000D6EB93,XM_005264515,XM_005264515.4,XM_011533062,XM_011533062.2,XM_011533064,XM_011533064.2,XP_005264572,XP_005264572.1,XP_011531364,XP_011531364.1,XP_011531366,XP_011531366.1,gingival fibromatosis, hereditary, 1,hsa:6654,son of sevenless homolog 1 (Drosophila),uc002rrk.5,uc061ikm.1
SOS2	9606.ENSP00000216373	Son of sevenless homolog 2; Promotes the exchange of Ras-bound GDP by GTP.	https://smart.embl.de/smart/DDvec.cgi?smart=1332:Pfam_Histone(54|169)+RhoGEF(202|387)+PH(442|546)+RasGEFN(594|739)+RasGEF(774|1018)+	6655,6EIE,A0A087X277,AAA35914.1,AAA91852.1,AAI17262.1,AAI43368.1,AL109758,B7ZKT6,BC117261,BC143367,CAB004577,CCDS9697,CCDS9697.1,CH471078,D3DSB4,EAW65727.1,EAW65728.1,ENSG00000100485,ENSP00000216373,ENSP00000346183,ENSP00000445328,ENSP00000452553,ENSP00000484766,ENST00000216373,ENST00000216373.9,ENST00000354238,ENST00000543680,ENST00000543680.5,ENST00000555666,ENST00000555666.1,ENST00000555794,ENST00000555794.2,ENST00000556452,ENST00000556452.1,ENST00000556469,ENST00000556469.5,G3V5W3,HGNC:11188,HPA047368,HPA052689,L13858,L20686,NM_006939,NM_006939.3,NM_006939.4,NP_008870,NP_008870.2,NS9,NX_Q07890,OMIM:601247,OTTHUMG00000140292,Q07890,Q15503,Q17RN1,R-HSA-1266738,R-HSA-1280215,R-HSA-162582,R-HSA-168256,R-HSA-193648,R-HSA-193704,R-HSA-194315,R-HSA-194840,R-HSA-204998,R-HSA-372790,R-HSA-376176,R-HSA-388396,R-HSA-416482,R-HSA-422475,R-HSA-428540,R-HSA-449147,R-HSA-451927,R-HSA-73887,R-HSA-8983432,SOS Ras/Rho guanine nucleotide exchange factor 2,SOS-2,SOS2,SOS2-201,SOS2-202,SOS2-203,SOS2-204,SOS2-205,SOS2-206,SOS2_HUMAN,Son of sevenless,Son of sevenless homolog 2,UPI000013C6E8,UPI000189A72C,UPI00021CF2B4,UPI0004620DE3,hsa:6655,son of sevenless (Drosophilia) homolog 2,son of sevenless homolog 2 (Drosophila),uc001wxs.5
STAT5A	9606.ENSP00000341208	Signal transducer and activator of transcription 5A; Carries out a dual function: signal transduction and activation of transcription. Mediates cellular responses to the cytokine KITLG/SCF and other growth factors. Mediates cellular responses to ERBB4. May mediate cellular responses to activated FGFR1, FGFR2, FGFR3 and FGFR4. Binds to the GAS element and activates PRL- induced transcription. Regulates the expression of milk proteins during lactation.	https://smart.embl.de/smart/DDvec.cgi?smart=794:STAT_int(2|126)+Pfam_STAT_alpha(141|330)+Pfam_STAT_bind(332|582)+SH2(587|700)+	6776,A0A384N5W4,AAA73962.1,AAB06589.1,AAH27036.1,ABF17939.1,AC087691,AC099811,ADO22164.1,AK301457,BAH13486.1,BC027036,C9JVV6,CAB003860,CCDS11424,CCDS11424.1,CCDS74066,CCDS74066.1,CCDS74067,CCDS74067.1,CH471152,CHEMBL5403,DQ471288,EAW60819.1,ENSG00000126561,ENSP00000264647,ENSP00000341208,ENSP00000400320,ENSP00000407327,ENSP00000441234,ENSP00000443107,ENSP00000464730,ENSP00000465437,ENSP00000466320,ENSP00000468749,ENST00000264647,ENST00000345506,ENST00000345506.8,ENST00000444283,ENST00000444283.5,ENST00000452307,ENST00000468096,ENST00000468096.5,ENST00000469124,ENST00000469124.1,ENST00000478897,ENST00000478897.1,ENST00000479417,ENST00000479417.1,ENST00000540577,ENST00000546010,ENST00000546010.6,ENST00000587646,ENST00000587646.1,ENST00000588868,ENST00000588868.5,ENST00000590726,ENST00000590726.6,ENST00000590949,ENST00000590949.5,ENST00000591556,ENST00000591556.1,GQ891302,HGNC:11366,HPA027873,HPA042128,HPA049883,HPA051156,K7EIF9,K7EK35,K7EM17,L41142,MGF,NM_001288718,NM_001288718.1,NM_001288719,NM_001288719.1,NM_001288720,NM_001288720.1,NM_003152,NM_003152.3,NP_001275647,NP_001275647.1,NP_001275648,NP_001275648.1,NP_001275649,NP_001275649.1,NP_003143,NP_003143.2,NX_P42229,OMIM:601511,OTTHUMG00000150725,P42229,Q1KLZ6,R-HSA-1170546,R-HSA-1226099,R-HSA-1236394,R-HSA-1251985,R-HSA-1266695,R-HSA-1280215,R-HSA-1433557,R-HSA-162582,R-HSA-1643685,R-HSA-168256,R-HSA-1839117,R-HSA-1839124,R-HSA-186763,R-HSA-186797,R-HSA-2586552,R-HSA-449147,R-HSA-451927,R-HSA-512988,R-HSA-5655302,R-HSA-5663202,R-HSA-8854691,R-HSA-8983432,R-HSA-8985947,R-HSA-9006335,R-HSA-9006934,R-HSA-9020558,R-HSA-9020958,R-HSA-9027283,R-HSA-9607240,R-HSA-9645135,R-HSA-982772,STA5A_HUMAN,STAT5,STAT5A,STAT5A-201,STAT5A-202,STAT5A-203,STAT5A-204,STAT5A-205,STAT5A-206,STAT5A-207,STAT5A-208,STAT5A-209,STAT5A-210,STAT5A-211,STAT5A-212,U43185,UPI0000136075,UPI0000D6F8A8,UPI00016112AE,UPI00016395E5,UPI00024D11AD,UPI00038BB09D,URS0000D0253C,XM_005257624,XM_005257624.3,XP_005257681,XP_005257681.1,hsa:6776,uc002hzj.3
STAT5B	9606.ENSP00000293328	Signal transducer and activator of transcription 5B; Carries out a dual function: signal transduction and activation of transcription. Mediates cellular responses to the cytokine KITLG/SCF and other growth factors. Binds to the GAS element and activates PRL-induced transcription. Positively regulates hematopoietic/erythroid differentiation.	https://smart.embl.de/smart/DDvec.cgi?smart=787:STAT_int(2|126)+Pfam_STAT_alpha(141|330)+Pfam_STAT_bind(332|582)+SH2(587|705)+	6777,6MBW,6MBZ,AAC50485.2,AAC50491.1,AAH65227.1,AC099811,AJ412888,AJ412889,AJ412890,AJ412891,AJ412892,AJ412893,AJ412894,AJ412895,AJ412896,AJ412897,AJ412898,AJ412899,BC065227,C9J4I3,CAB004298,CAD19638.1,CCDS11423,CCDS11423.1,CHEMBL5817,ENSG00000173757,ENSP00000293328,ENSP00000398379,ENST00000293328,ENST00000293328.7,ENST00000415845,ENST00000415845.1,ENST00000468312,ENST00000468312.1,ENST00000468496,ENST00000468496.5,ENST00000481253,ENST00000481253.2,ENST00000481517,ENST00000481517.1,ENST00000498674,ENST00000498674.1,HGNC:11367,HPA042128,HPA049883,HPA051156,LRG_192,LRG_192t1,NM_012448,NM_012448.3,NM_012448.4,NP_036580,NP_036580.2,NX_P51692,OMIM:604260,OTTHUMG00000150724,P51692,Q8WWS8,R-HSA-1170546,R-HSA-1226099,R-HSA-1266695,R-HSA-1280215,R-HSA-1433557,R-HSA-162582,R-HSA-1643685,R-HSA-168256,R-HSA-1839117,R-HSA-1839124,R-HSA-186763,R-HSA-186797,R-HSA-2586552,R-HSA-449147,R-HSA-451927,R-HSA-512988,R-HSA-5655302,R-HSA-5663202,R-HSA-8854691,R-HSA-8983432,R-HSA-8985947,R-HSA-9006335,R-HSA-9006934,R-HSA-9020558,R-HSA-9020958,R-HSA-9027283,R-HSA-9607240,R-HSA-9645135,R-HSA-982772,STA5B_HUMAN,STAT5,STAT5B,STAT5B-201,STAT5B-202,STAT5B-203,STAT5B-204,STAT5B-205,STAT5B-206,STAT5B-207,U47686,U48730,UPI000006F059,UPI00016112AD,URS0000E9FA4D,XM_017024977,XM_017024977.1,XM_024450897,XM_024450897.1,XM_024450898,XM_024450898.1,XP_016880466,XP_016880466.1,XP_024306665,XP_024306665.1,XP_024306666,XP_024306666.1,hsa:6777,uc002hzh.4
TGFB1	9606.ENSP00000221930	Transforming growth factor beta-1 proprotein; Transforming growth factor beta-1 proprotein: Precursor of the Latency-associated peptide (LAP) and Transforming growth factor beta-1 (TGF-beta-1) chains, which constitute the regulatory and active subunit of TGF-beta-1, respectively. Transforming growth factor beta-1: Multifunctional protein that regulates the growth and differentiation of various cell types and is involved in various processes, such as normal development, immune function, microglia function and responses to neurodegeneration (By similarity). Activation into mature form fo [...] 	https://smart.embl.de/smart/DDvec.cgi?smart=390:Pfam_TGFb_propeptide(29|261)+TGFB(293|390)+	1KLA,1KLC,1KLD,3KFD,4KV5,5FFO,5VQP,7040,A0A499FJK2,A8K792,AC011462,CAB000361,CCDS33031,CCDS33031.1,CED,Camurati-Engelmann disease,DPD1,Diaphyseal dysplasia 1, progressive,ENSG00000105329,ENSP00000221930,ENSP00000472767,ENST00000221930,ENST00000221930.5,ENST00000597453,ENST00000597453.1,ENST00000598758,ENST00000598758.5,ENST00000600196,ENST00000600196.1,HGNC:11766,HPA073356,IBDIMDE,LAP,Latency-associated peptide,M0R2S0,NM_000660,NM_000660.6,NM_000660.7,NP_000651,NP_000651.3,NX_P01137,OMIM:190180,OTTHUMG00000182760,P01137,Q9UCG4,R-HSA-109582,R-HSA-114608,R-HSA-1266738,R-HSA-1280215,R-HSA-1474244,R-HSA-1566948,R-HSA-162582,R-HSA-1643685,R-HSA-168253,R-HSA-168254,R-HSA-168256,R-HSA-168277,R-HSA-170834,R-HSA-202733,R-HSA-212436,R-HSA-2129379,R-HSA-2173788,R-HSA-2173789,R-HSA-2173791,R-HSA-3000170,R-HSA-3000171,R-HSA-3000178,R-HSA-3304349,R-HSA-3304351,R-HSA-3304356,R-HSA-3642278,R-HSA-3642279,R-HSA-3645790,R-HSA-3656532,R-HSA-3656534,R-HSA-3656535,R-HSA-381340,R-HSA-392499,R-HSA-449147,R-HSA-5663202,R-HSA-5663205,R-HSA-5688426,R-HSA-5689603,R-HSA-597592,R-HSA-6785807,R-HSA-73857,R-HSA-74160,R-HSA-76002,R-HSA-76005,R-HSA-8878159,R-HSA-8941855,R-HSA-8941858,R-HSA-8951936,R-HSA-9006936,TGF-beta-1,TGF-beta1,TGFB,TGFB1,TGFB1-201,TGFB1-202,TGFB1-203,TGFB1-204,TGFB1_HUMAN,TGFbeta,Transforming growth factor beta 1,Transforming growth factor beta-1,Transforming growth factor beta-1 proprotein,UPI000013C7E1,UPI0002A47586,URS0000D6E8F8,X02812,XM_011527242,XM_011527242.2,XP_011525544,XP_011525544.1,hsa:7040,prepro-transforming growth factor beta-1,transforming growth factor beta 1,transforming growth factor, beta 1,uc002oqh.4
TGFB3	9606.ENSP00000238682	Transforming growth factor beta-3 proprotein; Transforming growth factor beta-3 proprotein: Precursor of the Latency-associated peptide (LAP) and Transforming growth factor beta-3 (TGF-beta-3) chains, which constitute the regulatory and active subunit of TGF-beta-3, respectively. Transforming growth factor beta-3: Multifunctional protein that regulates embryogenesis and cell differentiation and is required in various processes such as secondary palate development (By similarity). Activation into mature form follows different steps: following cleavage of the proprotein in the Golgi appa [...] 	https://smart.embl.de/smart/DDvec.cgi?smart=412:Pfam_TGFb_propeptide(23|281)+TGFB(315|412)+	1KTZ,1TGJ,1TGK,2PJY,3EO1,4UM9,7043,A5YM40,AAA61161.1,AAC79727.1,AAH18503.1,AAM96819.1,AAO13495.1,AAP35951.1,ABQ59024.1,AF107885,AK313564,ARVD,ARVD1,AY140241,AY208161,BAG36338.1,BC018503,BT007287,CAA32362.1,CAA33024.1,CCDS86415,CCDS86415.1,CCDS9846,CCDS9846.1,CH471061,CHEMBL3712903,EAW81249.1,EF560714,ENSG00000119699,ENSP00000238682,ENSP00000451110,ENST00000238682,ENST00000238682.7,ENST00000554980,ENST00000554980.5,ENST00000555193,ENST00000555193.1,ENST00000556285,ENST00000556285.1,ENST00000556507,ENST00000556507.1,ENST00000556674,ENST00000556674.1,ENST00000557493,ENST00000557493.1,HGNC:11769,HPA063582,J03241,LAP,LDS5,LRG_399,Latency-associated peptide,NM_001329938,NM_001329938.1,NM_001329938.2,NM_001329939,NM_001329939.1,NM_003239,NM_003239.4,NP_001316867,NP_001316867.1,NP_001316868,NP_001316868.1,NP_003230,NP_003230.1,NX_P10600,OMIM:190230,OTTHUMG00000171489,P10600,Q8WV88,R-HSA-109582,R-HSA-114608,R-HSA-1474244,R-HSA-1566948,R-HSA-2129379,R-HSA-3000178,R-HSA-76002,R-HSA-76005,RNHF,TGF-beta-3,TGF-beta3,TGFB3,TGFB3-201,TGFB3-202,TGFB3-203,TGFB3-204,TGFB3-205,TGFB3-206,TGFB3-207,TGFB3_HUMAN,Transforming growth factor beta 3,Transforming growth factor beta-3,Transforming growth factor beta-3 proprotein,UPI000000D8EC,UPI000006EF47,URS00008B3558,URS00008C0984,X14149,X14885,X14886,X14887,X14888,X14889,X14890,X14891,arrhythmogenic right ventricular dysplasia 1,hsa:7043,prepro-transforming growth factor beta-3,transforming growth factor beta 3,transforming growth factor, beta 3,uc001xsc.3
TGFBR1	9606.ENSP00000447297	TGF-beta receptor type-1; Transmembrane serine/threonine kinase forming with the TGF- beta type II serine/threonine kinase receptor, TGFBR2, the non- promiscuous receptor for the TGF-beta cytokines TGFB1, TGFB2 and TGFB3. Transduces the TGFB1, TGFB2 and TGFB3 signal from the cell surface to the cytoplasm and is thus regulating a plethora of physiological and pathological processes including cell cycle arrest in epithelial and hematopoietic cells, control of mesenchymal cell proliferation and differentiation, wound healing, extracellular matrix production, immunosuppression and carcinog [...] 	https://smart.embl.de/smart/DDvec.cgi?smart=507:SIGNAL(1|26)+Pfam_Activin_recp(34|110)+TRANS(130|152)+GS(179|209)+	1B6C,1IAS,1PY5,1RW8,1TBI,1VJY,2.7.11.30,2L5S,2PJY,2WOT,2WOU,2X7O,3FAA,3GXL,3HMM,3KCF,3KFD,3TZM,4X0M,4X2F,4X2G,4X2J,4X2K,4X2N,5E8S,5E8T,5E8U,5E8W,5E8X,5E8Z,5E90,5FRI,5QIK,5QIL,5QIM,5USQ,6B8Y,6MAC,7046,AAA16073.1,AAC08998.1,AAD02042.1,AAH71181.1,AAR32097.1,AAT5,ABD46753.1,ACVRLK4,ACZ58375.1,AF035662,AF035663,AF035664,AF035665,AF035666,AF035667,AF035668,AF035669,AF035670,AF054590,AF054591,AF054592,AF054593,AF054594,AF054595,AF054596,AF054597,AF054598,AH015633,AJ619019,AJ619020,AK302234,AL162427,ALK-5,ALK5,AY497473,Activin receptor-like kinase 5,B4DY26,BAG63588.1,BC071181,CAB002441,CAB031481,CAF02096.2,CAF02097.1,CCDS47998,CCDS47998.1,CCDS6738,CCDS6738.1,CCDS78413,CCDS78413.1,CH471105,CHEMBL4439,DQ383416,DQ383417,DQ383418,DQ383419,DQ383421,DQ383422,DQ383424,EAW58905.1,EAW58906.1,EC 2.7.11.30,ENSG00000106799,ENSP00000262458,ENSP00000364129,ENSP00000364133,ENSP00000439428,ENSP00000441620,ENSP00000446685,ENSP00000447182,ENSP00000447297,ENSP00000447707,ENSP00000448518,ENSP00000449028,ENSP00000449934,ENSP00000450052,ENST00000262458,ENST00000374990,ENST00000374990.6,ENST00000374994,ENST00000374994.8,ENST00000540092,ENST00000546096,ENST00000546584,ENST00000546584.1,ENST00000547314,ENST00000547314.5,ENST00000548365,ENST00000548365.5,ENST00000549021,ENST00000549021.5,ENST00000549766,ENST00000549766.5,ENST00000550253,ENST00000550253.1,ENST00000552516,ENST00000552516.5,ENST00000552573,ENST00000552573.6,ESS1,F8VRH6,F8VVC4,F8VXZ5,F8W0K6,F8W1R9,GU143401,H0YHS4,HGNC:11772,HPA056473,L11695,LDS1,LDS1A,LDS2A,MSSE,NM_001130916,NM_001130916.2,NM_001130916.3,NM_001306210,NM_001306210.1,NM_001306210.2,NM_004612,NM_004612.3,NM_004612.4,NP_001124388,NP_001124388.1,NP_001293139,NP_001293139.1,NP_004603,NP_004603.1,NX_P36897,OMIM:190181,OTTHUMG00000020353,P36897,Q5T7S2,Q6IR47,Q706C0,Q706C1,R-HSA-162582,R-HSA-1643685,R-HSA-170834,R-HSA-2173788,R-HSA-2173789,R-HSA-2173791,R-HSA-3304349,R-HSA-3304351,R-HSA-3304356,R-HSA-3642278,R-HSA-3645790,R-HSA-3656532,R-HSA-3656534,R-HSA-3656535,R-HSA-392499,R-HSA-5663202,R-HSA-5688426,R-HSA-5689603,R-HSA-5689880,R-HSA-597592,R-HSA-9006936,SKR4,Serine/threonine-protein kinase receptor R4,TBR-i,TBRI,TGF-beta receptor type I,TGF-beta receptor type-1,TGF-beta type I receptor,TGFBR1,TGFBR1-201,TGFBR1-202,TGFBR1-203,TGFBR1-204,TGFBR1-205,TGFBR1-206,TGFBR1-207,TGFBR1-208,TGFBR1-209,TGFBR1-210,TGFR-1,TGFR1_HUMAN,TbetaR-I,Transforming growth factor beta receptor 1,Transforming growth factor-beta receptor type I,UPI000011D62A,UPI000021150D,UPI00003782E5,UPI00020B16FD,UPI00020CDF1C,UPI00020CDF1E,UPI00020CDF1F,UPI00020CDF20,UPI00038BAFAA,UPI0005C121F4,URS0000E9C38E,URS0000EA30E7,URS0000EC0DC5,XM_011518948,XM_011518948.2,XM_011518949,XM_011518949.2,XM_011518950,XM_011518950.2,XM_017015063,XM_017015063.1,XM_024447658,XM_024447658.1,XP_011517250,XP_011517250.1,XP_011517251,XP_011517251.1,XP_011517252,XP_011517252.1,XP_016870552,XP_016870552.1,XP_024303426,XP_024303426.1,activin A receptor type II-like kinase, 53kDa,hsa:7046,multiple self-healing squamous epithelioma,tbetaR-I,transforming growth factor beta receptor 1,transforming growth factor beta receptor I,uc004azc.4,uc004azd.4
TGFBR2	9606.ENSP00000351905	TGF-beta receptor type-2; Transmembrane serine/threonine kinase forming with the TGF- beta type I serine/threonine kinase receptor, TGFBR1, the non- promiscuous receptor for the TGF-beta cytokines TGFB1, TGFB2 and TGFB3. Transduces the TGFB1, TGFB2 and TGFB3 signal from the cell surface to the cytoplasm and is thus regulating a plethora of physiological and pathological processes including cell cycle arrest in epithelial and hematopoietic cells, control of mesenchymal cell proliferation and differentiation, wound healing, extracellular matrix production, immunosuppression and carcinoge [...] 	https://smart.embl.de/smart/DDvec.cgi?smart=592:SIGNAL(1|23)+Pfam_ecTbetaR2(74|184)+TRANS(192|214)+Pfam_Pkinase_Tyr(269|563)+	1KTZ,1M9Z,1PLO,2.7.11.30,2PJY,3KFD,4P7U,4XJJ,5E8V,5E8Y,5E91,5E92,5QIN,5TX4,5TY4,7048,A3QNQ0,AAA61164.1,AAB17553.1,AAB40916.1,AAT3,AAT70724.1,ABG65632.1,ACZ58376.1,ACZ58377.1,AH015833,AK300383,AK314102,AY675319,B4DTV5,BAA05673.1,BAA09332.1,BAG36796.1,BAG62117.1,CAB073537,CCDS2648,CCDS2648.1,CCDS33727,CCDS33727.1,CH471055,CHEMBL4267,D28131,D2JYI1,D50683,DQ377554,DQ377555,DQ377556,DQ377557,DQ377559,EAW64410.1,EAW64412.1,EC 2.7.11.30,ENSG00000163513,ENSP00000295751,ENSP00000295754,ENSP00000316813,ENSP00000351905,ENSP00000373275,ENSP00000392572,ENSP00000400898,ENST00000295751,ENST00000295754,ENST00000295754.9,ENST00000312743,ENST00000359013,ENST00000359013.4,ENST00000383765,ENST00000427981,ENST00000439925,ENST00000672050,ENST00000672866,ENST00000673203,ENST00000673250,FAA3,GU143402,GU143403,HGNC:11773,LDS1B,LDS2,LDS2B,LRG_779,LRG_779t1,M85079,MFS2,NM_001024847,NM_001024847.2,NM_003242,NM_003242.5,NM_003242.6,NP_001020018,NP_001020018.1,NP_003233,NP_003233.4,NX_P37173,OMIM:190182,OTTHUMG00000130569,P37173,Q15580,Q6DKT6,Q99474,R-HSA-162582,R-HSA-1643685,R-HSA-170834,R-HSA-2173788,R-HSA-2173789,R-HSA-2173791,R-HSA-3304349,R-HSA-3304351,R-HSA-3304356,R-HSA-3642278,R-HSA-3642279,R-HSA-3645790,R-HSA-3656532,R-HSA-3656534,R-HSA-3656535,R-HSA-392499,R-HSA-5663202,R-HSA-5688426,R-HSA-5689603,R-HSA-597592,R-HSA-9006936,RIIC,TAAD2,TBR-ii,TBRII,TGF-beta receptor type II,TGF-beta receptor type-2,TGF-beta type II receptor,TGFBR2,TGFBR2-201,TGFBR2-202,TGFBR2-203,TGFBR2-204,TGFBR2-205,TGFBR2-206,TGFR-2,TGFR2_HUMAN,TGFbeta-RII,TbetaR-II,Transforming growth factor beta receptor 2,Transforming growth factor-beta receptor type II,U52240,U52241,U52242,U52244,U52245,U52246,U69146,U69147,U69148,U69149,U69150,U69151,U69152,UPI000011DD7E,UPI000053030E,XM_011534043,XM_011534043.2,XM_011534045,XM_011534045.3,XM_017007106,XM_017007106.1,XP_011532345,XP_011532345.1,XP_011532347,XP_011532347.1,XP_016862595,XP_016862595.1,hsa:7048,transforming growth factor beta receptor 2,transforming growth factor beta receptor II,uc003cen.4,uc003ceo.4
TP53	9606.ENSP00000269305	Cellular tumor antigen p53; Acts as a tumor suppressor in many tumor types; induces growth arrest or apoptosis depending on the physiological circumstances and cell type. Involved in cell cycle regulation as a trans-activator that acts to negatively regulate cell division by controlling a set of genes required for this process. One of the activated genes is an inhibitor of cyclin-dependent kinases. Apoptosis induction seems to be mediated either by stimulation of BAX and FAS antigen expression, or by repression of Bcl-2 expression. Its pro-apoptotic activity is activated via its intera [...] 	https://smart.embl.de/smart/DDvec.cgi?smart=393:Pfam_P53_TAD(5|29)+Pfam_P53(95|289)+Pfam_P53_tetramer(319|358)+	1A1U,1AIE,1C26,1DT7,1GZH,1H26,1HS5,1JSP,1KZY,1MA3,1OLG,1OLH,1PES,1PET,1SAE,1SAF,1SAK,1SAL,1TSR,1TUP,1UOL,1XQH,1YC5,1YCQ,1YCR,1YCS,2AC0,2ADY,2AHI,2ATA,2B3G,2BIM,2BIN,2BIO,2BIP,2BIQ,2F1X,2FEJ,2FOJ,2FOO,2GS0,2H1L,2H2D,2H2F,2H4F,2H4H,2H4J,2H59,2J0Z,2J10,2J11,2J1W,2J1X,2J1Y,2J1Z,2J20,2J21,2K8F,2L14,2LY4,2MEJ,2MWO,2MWP,2MWY,2MZD,2OCJ,2PCX,2RUK,2VUK,2WGX,2X0U,2X0V,2X0W,2XWR,2YBG,2YDR,2Z5S,2Z5T,3D05,3D06,3D07,3D08,3D09,3D0A,3DAB,3DAC,3IGK,3IGL,3KMD,3KZ8,3LW1,3OQ5,3PDH,3Q01,3Q05,3Q06,3SAK,3TG5,3TS8,3ZME,4AGL,4AGM,4AGN,4AGO,4AGP,4AGQ,4BUZ,4BV2,4HFZ,4HJE,4IBQ,4IBS,4IBT,4IBU,4IBV,4IBW,4IBY,4IBZ,4IJT,4KVP,4LO9,4LOE,4LOF,4MZI,4MZR,4QO1,4RP6,4RP7,4X34,4XR8,4ZZJ,5A7B,5AB9,5ABA,5AOI,5AOJ,5AOK,5AOL,5AOM,5BUA,5ECG,5G4M,5G4N,5G4O,5HOU,5HP0,5HPD,5LAP,5LGY,5MCT,5MCU,5MCV,5MCW,5MF7,5MG7,5MHC,5MOC,5O1A,5O1B,5O1C,5O1D,5O1E,5O1F,5O1G,5O1H,5O1I,5OL0,5UN8,5XZC,6FF9,6FJ5,6GGA,6GGB,6GGC,6GGD,6GGE,6GGF,6RZ3,7157,A0A087WT22,A0A087WXZ1,A0A087WZU8,A0A087X1Q1,A0A0U1RQC9,AAA59987.1,AAA59988.1,AAA59989.1,AAA61211.1,AAA61212.1,AAB39322.1,AAC12971.1,AAD28535.1,AAD28628.1,AAF36354.1,AAF36355.1,AAF36356.1,AAF36357.1,AAF36358.1,AAF36359.1,AAF36360.1,AAF36361.1,AAF36362.1,AAF36374.1,AAF36375.1,AAF36376.1,AAF36377.1,AAF36378.1,AAF36379.1,AAF36380.1,AAF36381.1,AAF36382.1,AAF63442.1,AAF63443.1,AAG28785.1,AAH03596.1,AAK76358.1,AAK76359.1,AAP30003.1,AAQ90158.1,AAR10356.1,AAR13239.1,AAV80424.1,AB082923,ABA29753.1,ABA29754.1,ABA29755.1,ABA29756.1,ABA29757.1,ABB80262.1,ABB80266.1,AC007421,AC087388,AEX20383.1,AF135120,AF135121,AF136270,AF136271,AF209128,AF209129,AF209130,AF209131,AF209132,AF209133,AF209134,AF209135,AF209136,AF209148,AF209149,AF209150,AF209151,AF209152,AF209153,AF209154,AF209155,AF209156,AF210308,AF210309,AF210310,AF240684,AF240685,AF307851,AFN61604.1,AFN61605.1,AK312568,AY270155,AY359814,AY390341,AY429684,AY838896,AYE20619.1,Antigen NY-CO-13,BAC16799.1,BAG35463.1,BC003596,BCC7,BMFS5,CAA25652.1,CAA26306.1,CAA38095.1,CAA42626.1,CAA42627.1,CAA42628.1,CAA42629.1,CAA42630.1,CAA42631.1,CAA42632.1,CAA42633.1,CAA42634.1,CAA42635.1,CAB002973,CAB039238,CAB039239,CAB072876,CCDS11118,CCDS11118.1,CCDS45605,CCDS45605.1,CCDS45606,CCDS45606.1,CCDS73963,CCDS73963.1,CCDS73964,CCDS73964.1,CCDS73965,CCDS73965.1,CCDS73966,CCDS73966.1,CCDS73967,CCDS73967.1,CCDS73968,CCDS73968.1,CCDS73969,CCDS73969.1,CCDS73970,CCDS73970.1,CCDS73971,CCDS73971.1,CH471108,CHEMBL4096,Cellular tumor antigen p53,DQ186648,DQ186649,DQ186650,DQ186651,DQ186652,DQ191317,DQ286964,E7EMR6,E7EQX7,E7ESS1,E9PCY9,E9PFT5,EAW90143.1,EAW90144.1,ENSG00000141510,ENSP00000269305,ENSP00000352610,ENSP00000379735,ENSP00000391127,ENSP00000391478,ENSP00000394195,ENSP00000398846,ENSP00000402130,ENSP00000410739,ENSP00000423862,ENSP00000424104,ENSP00000425104,ENSP00000426252,ENSP00000437792,ENSP00000458393,ENSP00000473895,ENSP00000477531,ENSP00000478219,ENSP00000478499,ENSP00000480868,ENSP00000481179,ENSP00000481401,ENSP00000481638,ENSP00000482222,ENSP00000482258,ENSP00000482537,ENSP00000482903,ENSP00000484375,ENSP00000484409,ENSP00000488924,ENST00000269305,ENST00000269305.8,ENST00000359597,ENST00000359597.8,ENST00000396473,ENST00000413465,ENST00000413465.6,ENST00000414315,ENST00000419024,ENST00000420246,ENST00000420246.6,ENST00000445888,ENST00000445888.6,ENST00000455263,ENST00000455263.6,ENST00000503591,ENST00000503591.1,ENST00000504290,ENST00000504290.5,ENST00000504937,ENST00000504937.5,ENST00000505014,ENST00000505014.5,ENST00000508793,ENST00000508793.5,ENST00000509690,ENST00000509690.5,ENST00000510385,ENST00000510385.5,ENST00000514944,ENST00000514944.5,ENST00000545858,ENST00000571370,ENST00000571370.1,ENST00000574684,ENST00000574684.1,ENST00000576024,ENST00000576024.1,ENST00000604348,ENST00000604348.5,ENST00000610292,ENST00000610292.4,ENST00000610538,ENST00000610538.4,ENST00000610623,ENST00000610623.4,ENST00000615910,ENST00000615910.4,ENST00000617185,ENST00000617185.4,ENST00000618944,ENST00000618944.4,ENST00000619186,ENST00000619186.4,ENST00000619485,ENST00000619485.4,ENST00000620739,ENST00000620739.4,ENST00000622645,ENST00000622645.4,ENST00000635293,ENST00000635293.1,H2EHT1,HGNC:11998,HPA051244,HPA063532,I3L0W9,J3KP33,JN900492,JQ694049,JQ694050,K03199,K7PPA8,LFS1,LRG_321,LRG_321t1,LRG_321t2,LRG_321t3,LRG_321t4,LRG_321t5,LRG_321t6,LRG_321t7,LRG_321t8,Li-Fraumeni syndrome,M13112,M13113,M13114,M13115,M13116,M13117,M13118,M13119,M13120,M13121,M14694,M14695,M22882,M22883,M22884,M22887,M22888,M22894,M22895,M22896,M22897,M22898,MG595988,NM_000546,NM_000546.5,NM_001126112,NM_001126112.2,NM_001126113,NM_001126113.2,NM_001126114,NM_001126114.2,NM_001126115,NM_001126115.1,NM_001126116,NM_001126116.1,NM_001126117,NM_001126117.1,NM_001126118,NM_001126118.1,NM_001276695,NM_001276695.1,NM_001276695.2,NM_001276696,NM_001276696.1,NM_001276696.2,NM_001276697,NM_001276697.1,NM_001276697.2,NM_001276698,NM_001276698.1,NM_001276698.2,NM_001276699,NM_001276699.1,NM_001276699.2,NM_001276760,NM_001276760.1,NM_001276760.2,NM_001276761,NM_001276761.1,NM_001276761.2,NP_000537,NP_000537.3,NP_001119584,NP_001119584.1,NP_001119585,NP_001119585.1,NP_001119586,NP_001119586.1,NP_001119587,NP_001119587.1,NP_001119588,NP_001119588.1,NP_001119589,NP_001119589.1,NP_001119590,NP_001119590.1,NP_001263624,NP_001263624.1,NP_001263625,NP_001263625.1,NP_001263626,NP_001263626.1,NP_001263627,NP_001263627.1,NP_001263628,NP_001263628.1,NP_001263689,NP_001263689.1,NP_001263690,NP_001263690.1,NX_P04637,OMIM:191170,OTTHUMG00000162125,P04637,P53,P53_HUMAN,Phosphoprotein p53,Q15086,Q15087,Q15088,Q16535,Q16807,Q16808,Q16809,Q16810,Q16811,Q16848,Q2XN98,Q3LRW1,Q3LRW2,Q3LRW3,Q3LRW4,Q3LRW5,Q86UG1,Q8J016,Q99659,Q9BTM4,Q9HAQ8,Q9NP68,Q9NPJ2,Q9NZD0,Q9UBI2,Q9UQ61,R-HSA-109581,R-HSA-109582,R-HSA-109606,R-HSA-111448,R-HSA-114452,R-HSA-1257604,R-HSA-1280215,R-HSA-139915,R-HSA-157118,R-HSA-162582,R-HSA-1640170,R-HSA-168256,R-HSA-1912408,R-HSA-1912422,R-HSA-212436,R-HSA-2262752,R-HSA-2559580,R-HSA-2559583,R-HSA-2559584,R-HSA-2559585,R-HSA-2559586,R-HSA-2990846,R-HSA-3108232,R-HSA-3232118,R-HSA-349425,R-HSA-3700989,R-HSA-390466,R-HSA-390471,R-HSA-391251,R-HSA-392499,R-HSA-449147,R-HSA-453274,R-HSA-5357801,R-HSA-5628897,R-HSA-5633007,R-HSA-5633008,R-HSA-5688426,R-HSA-5689880,R-HSA-5689896,R-HSA-5693532,R-HSA-5693565,R-HSA-5693606,R-HSA-597592,R-HSA-6785807,R-HSA-6791312,R-HSA-6796648,R-HSA-6803204,R-HSA-6803205,R-HSA-6803207,R-HSA-6803211,R-HSA-6804114,R-HSA-6804115,R-HSA-6804116,R-HSA-6804754,R-HSA-6804756,R-HSA-6804757,R-HSA-6804758,R-HSA-6804759,R-HSA-6804760,R-HSA-6806003,R-HSA-6807070,R-HSA-6811555,R-HSA-69275,R-HSA-69278,R-HSA-69473,R-HSA-69481,R-HSA-69541,R-HSA-69560,R-HSA-69563,R-HSA-69580,R-HSA-69615,R-HSA-69620,R-HSA-69895,R-HSA-73857,R-HSA-73894,R-HSA-74160,R-HSA-8852276,R-HSA-8878159,R-HSA-8941855,R-HSA-8943724,R-HSA-8953897,R-HSA-9006925,R-HSA-983231,S4R334,TP53,TP53-201,TP53-202,TP53-203,TP53-204,TP53-205,TP53-206,TP53-207,TP53-208,TP53-209,TP53-210,TP53-211,TP53-212,TP53-213,TP53-214,TP53-215,TP53-216,TP53-217,TP53-218,TP53-219,TP53-220,TP53-221,TP53-222,TP53-223,TP53-224,TP53-225,TP53-226,TP53-227,TP53-228,TP53-229,TRP53,Tumor protein p53,Tumor suppressor p53,U63714,U94788,UPI000002ED67,UPI000040A8D3,UPI000041E410,UPI0000456A12,UPI00005B7310,UPI00005B7311,UPI00005B7312,UPI00015DFAB7,UPI0001AE664F,UPI0001D3B064,UPI0001D3B065,UPI0001FDB80B,UPI0001FDB80C,UPI0002065363,UPI00025A2CF1,UPI0002B83573,UPI0002B83575,UPI0002B83577,UPI00033351E6,UPI0003F47F7F,UPI0004E4CBB8,UPI000719A126,URS0000073231,URS0000CDBE1A,X01405,X02469,X54156,X60011,X60012,X60013,X60014,X60015,X60016,X60017,X60018,X60019,X60020,hsa:7157,p53,tumor protein p53,uc002gij.4,uc060aur.1
